 0.00000000003414900 0.00000000003902223 0.00000000004400556 0.00000000004917114
 0.00000000005497277 0.00000000006119183 0.00000000006793121 0.00000000007548002
 0.00000000008414699 0.00000000009410235 0.00000000010527942 0.00000000011745799
 0.00000000013074667 0.00000000014554209 0.00000000016190651 0.00000000017988750
 0.00000000019978234 0.00000000022130827 0.00000000024366911 0.00000000026842943
 0.00000000029704883 0.00000000032994568 0.00000000036604951 0.00000000040371690
 0.00000000044403921 0.00000000048836757 0.00000000053867295 0.00000000059549836
 0.00000000065886184 0.00000000072945910 0.00000000080588158 0.00000000088918642
 0.00000000098270554 0.00000000108661305 0.00000000119848600 0.00000000131580256
 0.00000000144807307 0.00000000159027968 0.00000000173800957 0.00000000191011197
 0.00000000210779062 0.00000000234357247 0.00000000262486075 0.00000000293455305
 0.00000000327219665 0.00000000364091061 0.00000000404965495 0.00000000451410711
 0.00000000504579771 0.00000000563869096 0.00000000628593591 0.00000000700421465
 0.00000000782663847 0.00000000878635430 0.00000000988716670 0.00000001109420362
 0.00000001241198292 0.00000001383091122 0.00000001537573764 0.00000001706624354
 0.00000001898478503 0.00000002118142979 0.00000002362257741 0.00000002643730501
 0.00000002964270081 0.00000003329032988 0.00000003755393201 0.00000004249104685
 0.00000004805062957 0.00000005470497495 0.00000006229936516 0.00000007111109568
 0.00000008158261340 0.00000009471928605 0.00000011029354875 0.00000012846088399
 0.00000015015611399 0.00000017672095076 0.00000020947730237 0.00000025150306561
 0.00000030619191703 0.00000037335558718 0.00000045470391860 0.00000056119277775
 0.00000071277373595 0.00000094902706693 0.00000122868589694 0.00000140567445473
 0.00000154027433752 0.00000166088946980 0.00000211275030356 0.00000339785678771
 0.00000629300407810 0.00001343302090447 0.00048670807567930 1.00000000000000000
 0.00000001593845395 0.00000001772905081 0.00000001908774976 0.00000002040515875
 0.00000002159474670 0.00000002269835712 0.00000002406852060 0.00000002626747983
 0.00000002849891169 0.00000003061385180 0.00000003253542528 0.00000003432288674
 0.00000003602996382 0.00000003766521541 0.00000003923917888 0.00000004062169845
 0.00000004178688611 0.00000004278614528 0.00000004368674836 0.00000004456381358
 0.00000004546385755 0.00000004637912273 0.00000004730913056 0.00000004830429990
 0.00000004933815781 0.00000005037394534 0.00000005140604223 0.00000005244886272
 0.00000005350643798 0.00000005456726086 0.00000005567191322 0.00000005687897010
 0.00000005812037656 0.00000005932388923 0.00000006060601324 0.00000006198540614
 0.00000006340430018 0.00000006477495428 0.00000006618129528 0.00000006772784584
 0.00000006938513808 0.00000007109944348 0.00000007288291358 0.00000007473081849
 0.00000007664085983 0.00000007868883289 0.00000008089112686 0.00000008323054773
 0.00000008561793772 0.00000008804400889 0.00000009063313802 0.00000009312617569
 0.00000009576564298 0.00000009860125382 0.00000010182538979 0.00000010532071131
 0.00000010899683458 0.00000011285710877 0.00000011702110092 0.00000012157899824
 0.00000012642225471 0.00000013177569784 0.00000013764343501 0.00000014400548944
 0.00000015090162939 0.00000015841100593 0.00000016639842970 0.00000017480724215
 0.00000018386630187 0.00000019386078640 0.00000020532052713 0.00000021843864831
 0.00000023311438529 0.00000024931881896 0.00000026741709854 0.00000028798117121
 0.00000031213247449 0.00000033928610644 0.00000036962257026 0.00000040361830316
 0.00000044468723582 0.00000049486470312 0.00000055395504894 0.00000062753695601
 0.00000072470433470 0.00000084892038680 0.00000101040191588 0.00000124661611573
 0.00000160941523959 0.00000211941147053 0.00000282905028393 0.00000423762728652
 0.00004203653292375 0.00140243862835012 0.00281579420178619 1.00000000000000000
 0.00000000000202113 0.00000000000564731 0.00000000000815142 0.00000000001037831
 0.00000000001249028 0.00000000001457103 0.00000000001686612 0.00000000001947247
 0.00000000002229624 0.00000000002546675 0.00000000002890109 0.00000000003265707
 0.00000000003654526 0.00000000004068285 0.00000000004528167 0.00000000005053176
 0.00000000005635407 0.00000000006255693 0.00000000006924102 0.00000000007650004
 0.00000000008435956 0.00000000009351373 0.00000000010388874 0.00000000011482816
 0.00000000012665562 0.00000000013972429 0.00000000015425383 0.00000000016988242
 0.00000000018643158 0.00000000020445312 0.00000000022387669 0.00000000024456077
 0.00000000026722841 0.00000000029269213 0.00000000032183497 0.00000000035295450
 0.00000000038625430 0.00000000042249003 0.00000000046082455 0.00000000050213632
 0.00000000054874284 0.00000000060158199 0.00000000065883901 0.00000000071955611
 0.00000000078376864 0.00000000085493410 0.00000000093000006 0.00000000100847790
 0.00000000109719713 0.00000000119693568 0.00000000130328005 0.00000000141756000
 0.00000000154029615 0.00000000167353919 0.00000000182357519 0.00000000199368572
 0.00000000217963502 0.00000000238110525 0.00000000259932173 0.00000000283693445
 0.00000000309385849 0.00000000337530226 0.00000000369062322 0.00000000404445096
 0.00000000443333567 0.00000000485958013 0.00000000532405933 0.00000000582249997
 0.00000000636189455 0.00000000696368557 0.00000000765175324 0.00000000842946014
 0.00000000928049820 0.00000001019889971 0.00000001121201725 0.00000001235230737
 0.00000001365761189 0.00000001515016760 0.00000001684304913 0.00000001875387825
 0.00000002094934576 0.00000002349770369 0.00000002648161337 0.00000003000829595
 0.00000003420222287 0.00000003918804235 0.00000004510339476 0.00000005228001174
 0.00000006127802936 0.00000007330328753 0.00000009089505869 0.00000011885910943
 0.00000017101544735 0.00008953314231920 0.00375342330537788 1.00000000000000000
-0.00211435497424050 0.00847326664182371 0.01930151501938623 0.03001475482504311
 0.04080531631832453 0.05136012290333104 0.06108696477812731 0.07104383857496818
 0.08122743560243169 0.09203850291969609 0.10328979386436392 0.11435615735516037
 0.12549691413330341 0.13624818047242368 0.14735370901224676 0.15834808088775826
 0.16956588315600254 0.18093730269303498 0.19218074735916899 0.20342856319944547
 0.21444919113994459 0.22482304456191912 0.23575869312407524 0.24585987044574878
 0.25593118530829140 0.26578364278943584 0.27616511784584930 0.28757868873389969
 0.29886311778045299 0.30994218416207320 0.32074740989856032 0.33145545356590167
 0.34214104132073059 0.35290785191710877 0.36383280295771148 0.37454135044121584
 0.38480722423830305 0.39510789939449920 0.40579646752421700 0.41655008095869539
 0.42711246662123115 0.43769870559820545 0.44827440284797698 0.45885748513654656
 0.46932233123201844 0.47970904103550688 0.49013111151637911 0.50079940493708230
 0.51184828761109724 0.52317123984907177 0.53450953625356956 0.54563370329909722
 0.55607879092723289 0.56579041349474835 0.57525206862739586 0.58518007964876584
 0.59543322937426790 0.60496099778989698 0.61349027025215042 0.62188257664620772
 0.62959996428399168 0.63974647446551325 0.65077280915716262 0.66132905713358858
 0.67152191766858416 0.68187170219003534 0.69303578919371656 0.70455928175161286
 0.71535165798679423 0.72569073700334019 0.73578727954282508 0.74623734144091314
 0.75682743330296320 0.76733665285808461 0.77835251006224981 0.79041912220907862
 0.80264495280502768 0.81415983390728519 0.82560980956330210 0.83653481509110195
 0.84734922499683318 0.85788648437293225 0.86783986968773852 0.87772775421819116
 0.88766936401513052 0.89791034181556906 0.90811279708153603 0.91839856090363681
 0.92887362838645038 0.93902532521899285 0.94901113443539398 0.95867240936588116
 0.96808765668933994 0.97772367853928022 0.98924839092467876 1.00000000000000000
 0.98790733803214337 0.98800673952689455 0.98810558074915722 0.98820148812087005
 0.98829970488734920 0.98840420104048010 0.98850297388751984 0.98860774723731859
 0.98870939762910226 0.98880995531312765 0.98890950550398626 0.98900985484534010
 0.98910723534975620 0.98919677655973159 0.98928568977566067 0.98937840706651248
 0.98948139197628726 0.98958993872430112 0.98970136510384199 0.98981004765859282
 0.98991253699204584 0.99001461766785959 0.99011835726513697 0.99022174604490532
 0.99032764777107518 0.99043416975828136 0.99054464546281173 0.99065716025526451
 0.99077140174409284 0.99088790521192538 0.99100478174622897 0.99112018060254592
 0.99123507458599858 0.99134837872138248 0.99146210667532952 0.99157666177256609
 0.99169118455966931 0.99180743405021854 0.99192516394768671 0.99204537574769913
 0.99216810529183319 0.99229010681183238 0.99240585039806462 0.99251949850072796
 0.99263602433223053 0.99275796531390537 0.99288196364548575 0.99300547328163657
 0.99312881565812272 0.99325249412429573 0.99337903713852316 0.99350802058189269
 0.99364045719776761 0.99377655777598606 0.99391327428063303 0.99404942441404043
 0.99418424125930860 0.99431788514247665 0.99445154520549772 0.99458522583686459
 0.99471820829486424 0.99485173998835141 0.99498681543847445 0.99512283293204196
 0.99525811673771836 0.99539407382418554 0.99553325609573884 0.99567468730776931
 0.99581764285709740 0.99596176028890104 0.99610895257958698 0.99626035714300809
 0.99641480877318567 0.99656908601596328 0.99672128824039352 0.99687136241551311
 0.99702136588835222 0.99717610367698839 0.99733683300928122 0.99750176455041295
 0.99766764181670897 0.99783075426745826 0.99799024189175900 0.99814863488602379
 0.99830501067152067 0.99844201784386866 0.99856605752309768 0.99868943391494003
 0.99881109168258198 0.99897601044256457 0.99914215519405070 0.99930609996002562
 0.99946959121729517 0.99963796918815473 0.99981965821468066 1.00000000000000000
-0.00251347134761195 0.01015149121554013 0.02022819352326601 0.03108536058729336
 0.04229502556473663 0.05371220686335125 0.06436262610898791 0.07521370237415766
 0.08554677842428318 0.09600410326183491 0.10623285912647207 0.11736368760462823
 0.12787388385601586 0.13851623247691869 0.14887644541539324 0.15966814213601685
 0.17098060204690710 0.18209662224613127 0.19289389991168282 0.20323487560295683
 0.21352092848707810 0.22352741076153029 0.23317322236062663 0.24149611667038953
 0.24959529879895814 0.25775760515419949 0.26659116637857294 0.27679810948285427
 0.28679456806461506 0.29691933174556850 0.30661057482446569 0.31699077347382876
 0.32748084073278150 0.33809954592848535 0.34913998933732376 0.36049938770246265
 0.37127747940697170 0.38125596503854470 0.39103040552208224 0.40125815046229385
 0.41180473646671090 0.42206568313731746 0.43203191935667623 0.44164992672089803
 0.45185757000731674 0.46264442687836893 0.47344198636600154 0.48359079138440769
 0.49354347415343491 0.50418411003647401 0.51543510220801847 0.52663704170634806
 0.53727317661790275 0.54797317144535962 0.55900149476934424 0.56995645715431242
 0.58093376588800139 0.59184124848051622 0.60293773485458146 0.61352964077612071
 0.62411703123498408 0.63468522002355376 0.64530444154408217 0.65514235429478063
 0.66524861802087998 0.67562914060187140 0.68612110805406101 0.69635557181855257
 0.70644523612346788 0.71665555664595793 0.72700353142545737 0.73752778161172761
 0.74815686163606054 0.75879752757864993 0.76943191646140219 0.78007725934897010
 0.79052116399295980 0.80053652410411880 0.81112831947236119 0.82176422876217925
 0.83245025240976744 0.84303017848506712 0.85391636839748897 0.86548318478869202
 0.87769954764328406 0.88972070748234855 0.90037960755739244 0.91034973943866393
 0.92091625507527697 0.93211727741551098 0.94351599992809809 0.95450115607518249
 0.96545812139728038 0.97697724893659577 0.98793757430337703 1.00000000000000000
 0.94500186529576935 0.94568557895243921 0.94637214533249170 0.94705966162820165
 0.94773150412621765 0.94840674030940164 0.94911707351888064 0.94986534046029658
 0.95055518104740511 0.95115205021058591 0.95171031591011734 0.95241721310908167
 0.95319469686591318 0.95393318916848435 0.95469398551819873 0.95548574314866919
 0.95626615296085937 0.95702339475280240 0.95775694525276089 0.95848736368418574
 0.95922303781358020 0.95994482465616027 0.96065819288884047 0.96136485505709757
 0.96205387305564827 0.96273485755353583 0.96342361243811769 0.96410886264301143
 0.96477799541315490 0.96542443877879713 0.96604933888400668 0.96666500374908504
 0.96726328040066434 0.96786880086466565 0.96847650904369087 0.96907970010876165
 0.96968722527159878 0.97030899478365062 0.97091699871400639 0.97149615243520226
 0.97205553106422193 0.97261148654268526 0.97316006339522598 0.97370264102154080
 0.97423971119921327 0.97477404033485471 0.97530220116544686 0.97582392034377208
 0.97633256540462954 0.97682156420293376 0.97729147536884564 0.97775011629471298
 0.97820036639354002 0.97866400953056820 0.97913144647294603 0.97958639641385226
 0.98002501155265798 0.98044070778150816 0.98084943869554297 0.98120342497859991
 0.98153391282828684 0.98186920312458781 0.98220919707049148 0.98262278163239303
 0.98302408993663526 0.98340659709176370 0.98377137264927994 0.98412881165317900
 0.98448715456090008 0.98483887912107659 0.98520320966125596 0.98558822380969802
 0.98598886441119782 0.98638677665834729 0.98678574034767219 0.98720877365170734
 0.98761806060963953 0.98800105315106601 0.98836504225363231 0.98872287461055675
 0.98906930302198826 0.98934337170348319 0.98960128697493821 0.98987005852778476
 0.99019718251372113 0.99052067526538901 0.99086017542480243 0.99117296132167398
 0.99146027388883573 0.99175704912268903 0.99207508187093230 0.99244311194392154
 0.99295287188802495 0.99363641802377822 0.99461563657864938 1.00000000000000000
-0.00351266032928579 0.01348686622987643 0.02789412231858274 0.04220624087457760
 0.05631414917636433 0.07046683234761952 0.08493180406624370 0.09959166880466293
 0.11365294760210355 0.12751806083273737 0.14170271365397993 0.15551554077713162
 0.16860846980111752 0.18122422677392858 0.19376913167916518 0.20577545041271703
 0.21779882899572289 0.22983675689430696 0.24173187416232586 0.25330847902180670
 0.26435961799072016 0.27478303837633572 0.28491220090149855 0.29512826516701801
 0.30537223151182707 0.31537913712134341 0.32514750282678789 0.33477940001329315
 0.34433214492740627 0.35360550640390409 0.36244764962136045 0.37109495329479647
 0.37972080867481367 0.38835172136998558 0.39670090269380448 0.40500595607819811
 0.41322220224486661 0.42172431786377690 0.43024741672034889 0.43851249052861496
 0.44656041797370333 0.45456506349709336 0.46239316105683292 0.47034759504146295
 0.47825601980125665 0.48619483138228214 0.49429486792560118 0.50265985258541157
 0.51083828940270493 0.51875447332443880 0.52643363180386182 0.53388595140970063
 0.54161298578785932 0.54980637277696487 0.55808521674817813 0.56653487624108290
 0.57359685482014977 0.58034067642843223 0.58787507992703192 0.59503772043763103
 0.60235420428360309 0.61078786158619769 0.61969948033275335 0.62854638549388431
 0.63759849363935961 0.64687672317036748 0.65636673011464186 0.66613771951487355
 0.67578244514672670 0.68515855941132897 0.69501555167045670 0.70508466165988237
 0.71491841098876319 0.72457896015256773 0.73461924453409588 0.74516568252506199
 0.75574712210963024 0.76559331332118308 0.77494345442502999 0.78485216854806428
 0.79483898482054094 0.80649672768252512 0.81813982587750012 0.83069302628914499
 0.84397625420647060 0.85771239266005950 0.87087709986394879 0.88400993378563086
 0.89771056578837982 0.91195991268208143 0.92619190032372334 0.94077698915055652
 0.95532603063399790 0.97207960129635640 0.98572900795948348 1.00000000000000000
-0.97916666666666663-0.95833333333333337-0.93750000000000000-0.91666666666666663
-0.89583333333333337-0.87500000000000000-0.85416666666666663-0.83333333333333337
-0.81250000000000000-0.79166666666666663-0.77083333333333337-0.75000000000000000
-0.72916666666666663-0.70833333333333337-0.68750000000000000-0.66666666666666663
-0.64583333333333337-0.62500000000000000-0.60416666666666663-0.58333333333333337
-0.56250000000000000-0.54166666666666663-0.52083333333333337-0.50000000000000000
-0.47916666666666669-0.45833333333333331-0.43750000000000000-0.41666666666666669
-0.39583333333333331-0.37500000000000000-0.35416666666666669-0.33333333333333331
-0.31250000000000000-0.29166666666666669-0.27083333333333331-0.25000000000000000
-0.22916666666666666-0.20833333333333334-0.18750000000000000-0.16666666666666666
-0.14583333333333334-0.12500000000000000-0.10416666666666667-0.08333333333333333
-0.06250000000000000-0.04166666666666666-0.02083333333333333 0.00000000000000000
 0.02083333333333333 0.04166666666666666 0.06250000000000000 0.08333333333333333
 0.10416666666666667 0.12500000000000000 0.14583333333333334 0.16666666666666666
 0.18750000000000000 0.20833333333333334 0.22916666666666666 0.25000000000000000
 0.27083333333333331 0.29166666666666669 0.31250000000000000 0.33333333333333331
 0.35416666666666669 0.37500000000000000 0.39583333333333331 0.41666666666666669
 0.43750000000000000 0.45833333333333331 0.47916666666666669 0.50000000000000000
 0.52083333333333337 0.54166666666666663 0.56250000000000000 0.58333333333333337
 0.60416666666666663 0.62500000000000000 0.64583333333333337 0.66666666666666663
 0.68750000000000000 0.70833333333333337 0.72916666666666663 0.75000000000000000
 0.77083333333333337 0.79166666666666663 0.81250000000000000 0.83333333333333337
 0.85416666666666663 0.87500000000000000 0.89583333333333337 0.91666666666666663
 0.93750000000000000 0.95833333333333337 0.97916666666666663 1.00000000000000000
-0.97916666666666663-0.95833333333333337-0.93750000000000000-0.91666666666666663
-0.89583333333333337-0.87500000000000000-0.85416666666666663-0.83333333333333337
-0.81250000000000000-0.79166666666666663-0.77083333333333337-0.75000000000000000
-0.72916666666666663-0.70833333333333337-0.68750000000000000-0.66666666666666663
-0.64583333333333337-0.62500000000000000-0.60416666666666663-0.58333333333333337
-0.56250000000000000-0.54166666666666663-0.52083333333333337-0.50000000000000000
-0.47916666666666669-0.45833333333333331-0.43750000000000000-0.41666666666666669
-0.39583333333333331-0.37500000000000000-0.35416666666666669-0.33333333333333331
-0.31250000000000000-0.29166666666666669-0.27083333333333331-0.25000000000000000
-0.22916666666666666-0.20833333333333334-0.18750000000000000-0.16666666666666666
-0.14583333333333334-0.12500000000000000-0.10416666666666667-0.08333333333333333
-0.06250000000000000-0.04166666666666666-0.02083333333333333 0.00000000000000000
 0.02083333333333333 0.04166666666666666 0.06250000000000000 0.08333333333333333
 0.10416666666666667 0.12500000000000000 0.14583333333333334 0.16666666666666666
 0.18750000000000000 0.20833333333333334 0.22916666666666666 0.25000000000000000
 0.27083333333333331 0.29166666666666669 0.31250000000000000 0.33333333333333331
 0.35416666666666669 0.37500000000000000 0.39583333333333331 0.41666666666666669
 0.43750000000000000 0.45833333333333331 0.47916666666666669 0.50000000000000000
 0.52083333333333337 0.54166666666666663 0.56250000000000000 0.58333333333333337
 0.60416666666666663 0.62500000000000000 0.64583333333333337 0.66666666666666663
 0.68750000000000000 0.70833333333333337 0.72916666666666663 0.75000000000000000
 0.77083333333333337 0.79166666666666663 0.81250000000000000 0.83333333333333337
 0.85416666666666663 0.87500000000000000 0.89583333333333337 0.91666666666666663
 0.93750000000000000 0.95833333333333337 0.97916666666666663 1.00000000000000000
-0.97916666666666663-0.95833333333333337-0.93750000000000000-0.91666666666666663
-0.89583333333333337-0.87500000000000000-0.85416666666666663-0.83333333333333337
-0.81250000000000000-0.79166666666666663-0.77083333333333337-0.75000000000000000
-0.72916666666666663-0.70833333333333337-0.68750000000000000-0.66666666666666663
-0.64583333333333337-0.62500000000000000-0.60416666666666663-0.58333333333333337
-0.56250000000000000-0.54166666666666663-0.52083333333333337-0.50000000000000000
-0.47916666666666669-0.45833333333333331-0.43750000000000000-0.41666666666666669
-0.39583333333333331-0.37500000000000000-0.35416666666666669-0.33333333333333331
-0.31250000000000000-0.29166666666666669-0.27083333333333331-0.25000000000000000
-0.22916666666666666-0.20833333333333334-0.18750000000000000-0.16666666666666666
-0.14583333333333334-0.12500000000000000-0.10416666666666667-0.08333333333333333
-0.06250000000000000-0.04166666666666666-0.02083333333333333 0.00000000000000000
 0.02083333333333333 0.04166666666666666 0.06250000000000000 0.08333333333333333
 0.10416666666666667 0.12500000000000000 0.14583333333333334 0.16666666666666666
 0.18750000000000000 0.20833333333333334 0.22916666666666666 0.25000000000000000
 0.27083333333333331 0.29166666666666669 0.31250000000000000 0.33333333333333331
 0.35416666666666669 0.37500000000000000 0.39583333333333331 0.41666666666666669
 0.43750000000000000 0.45833333333333331 0.47916666666666669 0.50000000000000000
 0.52083333333333337 0.54166666666666663 0.56250000000000000 0.58333333333333337
 0.60416666666666663 0.62500000000000000 0.64583333333333337 0.66666666666666663
 0.68750000000000000 0.70833333333333337 0.72916666666666663 0.75000000000000000
 0.77083333333333337 0.79166666666666663 0.81250000000000000 0.83333333333333337
 0.85416666666666663 0.87500000000000000 0.89583333333333337 0.91666666666666663
 0.93750000000000000 0.95833333333333337 0.97916666666666663 1.00000000000000000
-0.97916666666666663-0.95833333333333337-0.93750000000000000-0.91666666666666663
-0.89583333333333337-0.87500000000000000-0.85416666666666663-0.83333333333333337
-0.81250000000000000-0.79166666666666663-0.77083333333333337-0.75000000000000000
-0.72916666666666663-0.70833333333333337-0.68750000000000000-0.66666666666666663
-0.64583333333333337-0.62500000000000000-0.60416666666666663-0.58333333333333337
-0.56250000000000000-0.54166666666666663-0.52083333333333337-0.50000000000000000
-0.47916666666666669-0.45833333333333331-0.43750000000000000-0.41666666666666669
-0.39583333333333331-0.37500000000000000-0.35416666666666669-0.33333333333333331
-0.31250000000000000-0.29166666666666669-0.27083333333333331-0.25000000000000000
-0.22916666666666666-0.20833333333333334-0.18750000000000000-0.16666666666666666
-0.14583333333333334-0.12500000000000000-0.10416666666666667-0.08333333333333333
-0.06250000000000000-0.04166666666666666-0.02083333333333333 0.00000000000000000
 0.02083333333333333 0.04166666666666666 0.06250000000000000 0.08333333333333333
 0.10416666666666667 0.12500000000000000 0.14583333333333334 0.16666666666666666
 0.18750000000000000 0.20833333333333334 0.22916666666666666 0.25000000000000000
 0.27083333333333331 0.29166666666666669 0.31250000000000000 0.33333333333333331
 0.35416666666666669 0.37500000000000000 0.39583333333333331 0.41666666666666669
 0.43750000000000000 0.45833333333333331 0.47916666666666669 0.50000000000000000
 0.52083333333333337 0.54166666666666663 0.56250000000000000 0.58333333333333337
 0.60416666666666663 0.62500000000000000 0.64583333333333337 0.66666666666666663
 0.68750000000000000 0.70833333333333337 0.72916666666666663 0.75000000000000000
 0.77083333333333337 0.79166666666666663 0.81250000000000000 0.83333333333333337
 0.85416666666666663 0.87500000000000000 0.89583333333333337 0.91666666666666663
 0.93750000000000000 0.95833333333333337 0.97916666666666663 1.00000000000000000
-0.97916666666666663-0.95833333333333337-0.93750000000000000-0.91666666666666663
-0.89583333333333337-0.87500000000000000-0.85416666666666663-0.83333333333333337
-0.81250000000000000-0.79166666666666663-0.77083333333333337-0.75000000000000000
-0.72916666666666663-0.70833333333333337-0.68750000000000000-0.66666666666666663
-0.64583333333333337-0.62500000000000000-0.60416666666666663-0.58333333333333337
-0.56250000000000000-0.54166666666666663-0.52083333333333337-0.50000000000000000
-0.47916666666666669-0.45833333333333331-0.43750000000000000-0.41666666666666669
-0.39583333333333331-0.37500000000000000-0.35416666666666669-0.33333333333333331
-0.31250000000000000-0.29166666666666669-0.27083333333333331-0.25000000000000000
-0.22916666666666666-0.20833333333333334-0.18750000000000000-0.16666666666666666
-0.14583333333333334-0.12500000000000000-0.10416666666666667-0.08333333333333333
-0.06250000000000000-0.04166666666666666-0.02083333333333333 0.00000000000000000
 0.02083333333333333 0.04166666666666666 0.06250000000000000 0.08333333333333333
 0.10416666666666667 0.12500000000000000 0.14583333333333334 0.16666666666666666
 0.18750000000000000 0.20833333333333334 0.22916666666666666 0.25000000000000000
 0.27083333333333331 0.29166666666666669 0.31250000000000000 0.33333333333333331
 0.35416666666666669 0.37500000000000000 0.39583333333333331 0.41666666666666669
 0.43750000000000000 0.45833333333333331 0.47916666666666669 0.50000000000000000
 0.52083333333333337 0.54166666666666663 0.56250000000000000 0.58333333333333337
 0.60416666666666663 0.62500000000000000 0.64583333333333337 0.66666666666666663
 0.68750000000000000 0.70833333333333337 0.72916666666666663 0.75000000000000000
 0.77083333333333337 0.79166666666666663 0.81250000000000000 0.83333333333333337
 0.85416666666666663 0.87500000000000000 0.89583333333333337 0.91666666666666663
 0.93750000000000000 0.95833333333333337 0.97916666666666663 1.00000000000000000
-0.97916666666666663-0.95833333333333337-0.93750000000000000-0.91666666666666663
-0.89583333333333337-0.87500000000000000-0.85416666666666663-0.83333333333333337
-0.81250000000000000-0.79166666666666663-0.77083333333333337-0.75000000000000000
-0.72916666666666663-0.70833333333333337-0.68750000000000000-0.66666666666666663
-0.64583333333333337-0.62500000000000000-0.60416666666666663-0.58333333333333337
-0.56250000000000000-0.54166666666666663-0.52083333333333337-0.50000000000000000
-0.47916666666666669-0.45833333333333331-0.43750000000000000-0.41666666666666669
-0.39583333333333331-0.37500000000000000-0.35416666666666669-0.33333333333333331
-0.31250000000000000-0.29166666666666669-0.27083333333333331-0.25000000000000000
-0.22916666666666666-0.20833333333333334-0.18750000000000000-0.16666666666666666
-0.14583333333333334-0.12500000000000000-0.10416666666666667-0.08333333333333333
-0.06250000000000000-0.04166666666666666-0.02083333333333333 0.00000000000000000
 0.02083333333333333 0.04166666666666666 0.06250000000000000 0.08333333333333333
 0.10416666666666667 0.12500000000000000 0.14583333333333334 0.16666666666666666
 0.18750000000000000 0.20833333333333334 0.22916666666666666 0.25000000000000000
 0.27083333333333331 0.29166666666666669 0.31250000000000000 0.33333333333333331
 0.35416666666666669 0.37500000000000000 0.39583333333333331 0.41666666666666669
 0.43750000000000000 0.45833333333333331 0.47916666666666669 0.50000000000000000
 0.52083333333333337 0.54166666666666663 0.56250000000000000 0.58333333333333337
 0.60416666666666663 0.62500000000000000 0.64583333333333337 0.66666666666666663
 0.68750000000000000 0.70833333333333337 0.72916666666666663 0.75000000000000000
 0.77083333333333337 0.79166666666666663 0.81250000000000000 0.83333333333333337
 0.85416666666666663 0.87500000000000000 0.89583333333333337 0.91666666666666663
 0.93750000000000000 0.95833333333333337 0.97916666666666663 1.00000000000000000
-0.97916666666666663-0.95833333333333337-0.93750000000000000-0.91666666666666663
-0.89583333333333337-0.87500000000000000-0.85416666666666663-0.83333333333333337
-0.81250000000000000-0.79166666666666663-0.77083333333333337-0.75000000000000000
-0.72916666666666663-0.70833333333333337-0.68750000000000000-0.66666666666666663
-0.64583333333333337-0.62500000000000000-0.60416666666666663-0.58333333333333337
-0.56250000000000000-0.54166666666666663-0.52083333333333337-0.50000000000000000
-0.47916666666666669-0.45833333333333331-0.43750000000000000-0.41666666666666669
-0.39583333333333331-0.37500000000000000-0.35416666666666669-0.33333333333333331
-0.31250000000000000-0.29166666666666669-0.27083333333333331-0.25000000000000000
-0.22916666666666666-0.20833333333333334-0.18750000000000000-0.16666666666666666
-0.14583333333333334-0.12500000000000000-0.10416666666666667-0.08333333333333333
-0.06250000000000000-0.04166666666666666-0.02083333333333333 0.00000000000000000
 0.02083333333333333 0.04166666666666666 0.06250000000000000 0.08333333333333333
 0.10416666666666667 0.12500000000000000 0.14583333333333334 0.16666666666666666
 0.18750000000000000 0.20833333333333334 0.22916666666666666 0.25000000000000000
 0.27083333333333331 0.29166666666666669 0.31250000000000000 0.33333333333333331
 0.35416666666666669 0.37500000000000000 0.39583333333333331 0.41666666666666669
 0.43750000000000000 0.45833333333333331 0.47916666666666669 0.50000000000000000
 0.52083333333333337 0.54166666666666663 0.56250000000000000 0.58333333333333337
 0.60416666666666663 0.62500000000000000 0.64583333333333337 0.66666666666666663
 0.68750000000000000 0.70833333333333337 0.72916666666666663 0.75000000000000000
 0.77083333333333337 0.79166666666666663 0.81250000000000000 0.83333333333333337
 0.85416666666666663 0.87500000000000000 0.89583333333333337 0.91666666666666663
 0.93750000000000000 0.95833333333333337 0.97916666666666663 1.00000000000000000
-0.97916666666666663-0.95833333333333337-0.93750000000000000-0.91666666666666663
-0.89583333333333337-0.87500000000000000-0.85416666666666663-0.83333333333333337
-0.81250000000000000-0.79166666666666663-0.77083333333333337-0.75000000000000000
-0.72916666666666663-0.70833333333333337-0.68750000000000000-0.66666666666666663
-0.64583333333333337-0.62500000000000000-0.60416666666666663-0.58333333333333337
-0.56250000000000000-0.54166666666666663-0.52083333333333337-0.50000000000000000
-0.47916666666666669-0.45833333333333331-0.43750000000000000-0.41666666666666669
-0.39583333333333331-0.37500000000000000-0.35416666666666669-0.33333333333333331
-0.31250000000000000-0.29166666666666669-0.27083333333333331-0.25000000000000000
-0.22916666666666666-0.20833333333333334-0.18750000000000000-0.16666666666666666
-0.14583333333333334-0.12500000000000000-0.10416666666666667-0.08333333333333333
-0.06250000000000000-0.04166666666666666-0.02083333333333333 0.00000000000000000
 0.02083333333333333 0.04166666666666666 0.06250000000000000 0.08333333333333333
 0.10416666666666667 0.12500000000000000 0.14583333333333334 0.16666666666666666
 0.18750000000000000 0.20833333333333334 0.22916666666666666 0.25000000000000000
 0.27083333333333331 0.29166666666666669 0.31250000000000000 0.33333333333333331
 0.35416666666666669 0.37500000000000000 0.39583333333333331 0.41666666666666669
 0.43750000000000000 0.45833333333333331 0.47916666666666669 0.50000000000000000
 0.52083333333333337 0.54166666666666663 0.56250000000000000 0.58333333333333337
 0.60416666666666663 0.62500000000000000 0.64583333333333337 0.66666666666666663
 0.68750000000000000 0.70833333333333337 0.72916666666666663 0.75000000000000000
 0.77083333333333337 0.79166666666666663 0.81250000000000000 0.83333333333333337
 0.85416666666666663 0.87500000000000000 0.89583333333333337 0.91666666666666663
 0.93750000000000000 0.95833333333333337 0.97916666666666663 1.00000000000000000
-0.97916666666666663-0.95833333333333337-0.93750000000000000-0.91666666666666663
-0.89583333333333337-0.87500000000000000-0.85416666666666663-0.83333333333333337
-0.81250000000000000-0.79166666666666663-0.77083333333333337-0.75000000000000000
-0.72916666666666663-0.70833333333333337-0.68750000000000000-0.66666666666666663
-0.64583333333333337-0.62500000000000000-0.60416666666666663-0.58333333333333337
-0.56250000000000000-0.54166666666666663-0.52083333333333337-0.50000000000000000
-0.47916666666666669-0.45833333333333331-0.43750000000000000-0.41666666666666669
-0.39583333333333331-0.37500000000000000-0.35416666666666669-0.33333333333333331
-0.31250000000000000-0.29166666666666669-0.27083333333333331-0.25000000000000000
-0.22916666666666666-0.20833333333333334-0.18750000000000000-0.16666666666666666
-0.14583333333333334-0.12500000000000000-0.10416666666666667-0.08333333333333333
-0.06250000000000000-0.04166666666666666-0.02083333333333333 0.00000000000000000
 0.02083333333333333 0.04166666666666666 0.06250000000000000 0.08333333333333333
 0.10416666666666667 0.12500000000000000 0.14583333333333334 0.16666666666666666
 0.18750000000000000 0.20833333333333334 0.22916666666666666 0.25000000000000000
 0.27083333333333331 0.29166666666666669 0.31250000000000000 0.33333333333333331
 0.35416666666666669 0.37500000000000000 0.39583333333333331 0.41666666666666669
 0.43750000000000000 0.45833333333333331 0.47916666666666669 0.50000000000000000
 0.52083333333333337 0.54166666666666663 0.56250000000000000 0.58333333333333337
 0.60416666666666663 0.62500000000000000 0.64583333333333337 0.66666666666666663
 0.68750000000000000 0.70833333333333337 0.72916666666666663 0.75000000000000000
 0.77083333333333337 0.79166666666666663 0.81250000000000000 0.83333333333333337
 0.85416666666666663 0.87500000000000000 0.89583333333333337 0.91666666666666663
 0.93750000000000000 0.95833333333333337 0.97916666666666663 1.00000000000000000
-0.97916666666666663-0.95833333333333337-0.93750000000000000-0.91666666666666663
-0.89583333333333337-0.87500000000000000-0.85416666666666663-0.83333333333333337
-0.81250000000000000-0.79166666666666663-0.77083333333333337-0.75000000000000000
-0.72916666666666663-0.70833333333333337-0.68750000000000000-0.66666666666666663
-0.64583333333333337-0.62500000000000000-0.60416666666666663-0.58333333333333337
-0.56250000000000000-0.54166666666666663-0.52083333333333337-0.50000000000000000
-0.47916666666666669-0.45833333333333331-0.43750000000000000-0.41666666666666669
-0.39583333333333331-0.37500000000000000-0.35416666666666669-0.33333333333333331
-0.31250000000000000-0.29166666666666669-0.27083333333333331-0.25000000000000000
-0.22916666666666666-0.20833333333333334-0.18750000000000000-0.16666666666666666
-0.14583333333333334-0.12500000000000000-0.10416666666666667-0.08333333333333333
-0.06250000000000000-0.04166666666666666-0.02083333333333333 0.00000000000000000
 0.02083333333333333 0.04166666666666666 0.06250000000000000 0.08333333333333333
 0.10416666666666667 0.12500000000000000 0.14583333333333334 0.16666666666666666
 0.18750000000000000 0.20833333333333334 0.22916666666666666 0.25000000000000000
 0.27083333333333331 0.29166666666666669 0.31250000000000000 0.33333333333333331
 0.35416666666666669 0.37500000000000000 0.39583333333333331 0.41666666666666669
 0.43750000000000000 0.45833333333333331 0.47916666666666669 0.50000000000000000
 0.52083333333333337 0.54166666666666663 0.56250000000000000 0.58333333333333337
 0.60416666666666663 0.62500000000000000 0.64583333333333337 0.66666666666666663
 0.68750000000000000 0.70833333333333337 0.72916666666666663 0.75000000000000000
 0.77083333333333337 0.79166666666666663 0.81250000000000000 0.83333333333333337
 0.85416666666666663 0.87500000000000000 0.89583333333333337 0.91666666666666663
 0.93750000000000000 0.95833333333333337 0.97916666666666663 1.00000000000000000
-0.97916666666666663-0.95833333333333337-0.93750000000000000-0.91666666666666663
-0.89583333333333337-0.87500000000000000-0.85416666666666663-0.83333333333333337
-0.81250000000000000-0.79166666666666663-0.77083333333333337-0.75000000000000000
-0.72916666666666663-0.70833333333333337-0.68750000000000000-0.66666666666666663
-0.64583333333333337-0.62500000000000000-0.60416666666666663-0.58333333333333337
-0.56250000000000000-0.54166666666666663-0.52083333333333337-0.50000000000000000
-0.47916666666666669-0.45833333333333331-0.43750000000000000-0.41666666666666669
-0.39583333333333331-0.37500000000000000-0.35416666666666669-0.33333333333333331
-0.31250000000000000-0.29166666666666669-0.27083333333333331-0.25000000000000000
-0.22916666666666666-0.20833333333333334-0.18750000000000000-0.16666666666666666
-0.14583333333333334-0.12500000000000000-0.10416666666666667-0.08333333333333333
-0.06250000000000000-0.04166666666666666-0.02083333333333333 0.00000000000000000
 0.02083333333333333 0.04166666666666666 0.06250000000000000 0.08333333333333333
 0.10416666666666667 0.12500000000000000 0.14583333333333334 0.16666666666666666
 0.18750000000000000 0.20833333333333334 0.22916666666666666 0.25000000000000000
 0.27083333333333331 0.29166666666666669 0.31250000000000000 0.33333333333333331
 0.35416666666666669 0.37500000000000000 0.39583333333333331 0.41666666666666669
 0.43750000000000000 0.45833333333333331 0.47916666666666669 0.50000000000000000
 0.52083333333333337 0.54166666666666663 0.56250000000000000 0.58333333333333337
 0.60416666666666663 0.62500000000000000 0.64583333333333337 0.66666666666666663
 0.68750000000000000 0.70833333333333337 0.72916666666666663 0.75000000000000000
 0.77083333333333337 0.79166666666666663 0.81250000000000000 0.83333333333333337
 0.85416666666666663 0.87500000000000000 0.89583333333333337 0.91666666666666663
 0.93750000000000000 0.95833333333333337 0.97916666666666663 1.00000000000000000
-0.97916666666666663-0.95833333333333337-0.93750000000000000-0.91666666666666663
-0.89583333333333337-0.87500000000000000-0.85416666666666663-0.83333333333333337
-0.81250000000000000-0.79166666666666663-0.77083333333333337-0.75000000000000000
-0.72916666666666663-0.70833333333333337-0.68750000000000000-0.66666666666666663
-0.64583333333333337-0.62500000000000000-0.60416666666666663-0.58333333333333337
-0.56250000000000000-0.54166666666666663-0.52083333333333337-0.50000000000000000
-0.47916666666666669-0.45833333333333331-0.43750000000000000-0.41666666666666669
-0.39583333333333331-0.37500000000000000-0.35416666666666669-0.33333333333333331
-0.31250000000000000-0.29166666666666669-0.27083333333333331-0.25000000000000000
-0.22916666666666666-0.20833333333333334-0.18750000000000000-0.16666666666666666
-0.14583333333333334-0.12500000000000000-0.10416666666666667-0.08333333333333333
-0.06250000000000000-0.04166666666666666-0.02083333333333333 0.00000000000000000
 0.02083333333333333 0.04166666666666666 0.06250000000000000 0.08333333333333333
 0.10416666666666667 0.12500000000000000 0.14583333333333334 0.16666666666666666
 0.18750000000000000 0.20833333333333334 0.22916666666666666 0.25000000000000000
 0.27083333333333331 0.29166666666666669 0.31250000000000000 0.33333333333333331
 0.35416666666666669 0.37500000000000000 0.39583333333333331 0.41666666666666669
 0.43750000000000000 0.45833333333333331 0.47916666666666669 0.50000000000000000
 0.52083333333333337 0.54166666666666663 0.56250000000000000 0.58333333333333337
 0.60416666666666663 0.62500000000000000 0.64583333333333337 0.66666666666666663
 0.68750000000000000 0.70833333333333337 0.72916666666666663 0.75000000000000000
 0.77083333333333337 0.79166666666666663 0.81250000000000000 0.83333333333333337
 0.85416666666666663 0.87500000000000000 0.89583333333333337 0.91666666666666663
 0.93750000000000000 0.95833333333333337 0.97916666666666663 1.00000000000000000
-0.97916666666666663-0.95833333333333337-0.93750000000000000-0.91666666666666663
-0.89583333333333337-0.87500000000000000-0.85416666666666663-0.83333333333333337
-0.81250000000000000-0.79166666666666663-0.77083333333333337-0.75000000000000000
-0.72916666666666663-0.70833333333333337-0.68750000000000000-0.66666666666666663
-0.64583333333333337-0.62500000000000000-0.60416666666666663-0.58333333333333337
-0.56250000000000000-0.54166666666666663-0.52083333333333337-0.50000000000000000
-0.47916666666666669-0.45833333333333331-0.43750000000000000-0.41666666666666669
-0.39583333333333331-0.37500000000000000-0.35416666666666669-0.33333333333333331
-0.31250000000000000-0.29166666666666669-0.27083333333333331-0.25000000000000000
-0.22916666666666666-0.20833333333333334-0.18750000000000000-0.16666666666666666
-0.14583333333333334-0.12500000000000000-0.10416666666666667-0.08333333333333333
-0.06250000000000000-0.04166666666666666-0.02083333333333333 0.00000000000000000
 0.02083333333333333 0.04166666666666666 0.06250000000000000 0.08333333333333333
 0.10416666666666667 0.12500000000000000 0.14583333333333334 0.16666666666666666
 0.18750000000000000 0.20833333333333334 0.22916666666666666 0.25000000000000000
 0.27083333333333331 0.29166666666666669 0.31250000000000000 0.33333333333333331
 0.35416666666666669 0.37500000000000000 0.39583333333333331 0.41666666666666669
 0.43750000000000000 0.45833333333333331 0.47916666666666669 0.50000000000000000
 0.52083333333333337 0.54166666666666663 0.56250000000000000 0.58333333333333337
 0.60416666666666663 0.62500000000000000 0.64583333333333337 0.66666666666666663
 0.68750000000000000 0.70833333333333337 0.72916666666666663 0.75000000000000000
 0.77083333333333337 0.79166666666666663 0.81250000000000000 0.83333333333333337
 0.85416666666666663 0.87500000000000000 0.89583333333333337 0.91666666666666663
 0.93750000000000000 0.95833333333333337 0.97916666666666663 1.00000000000000000
-0.97916666666666663-0.95833333333333337-0.93750000000000000-0.91666666666666663
-0.89583333333333337-0.87500000000000000-0.85416666666666663-0.83333333333333337
-0.81250000000000000-0.79166666666666663-0.77083333333333337-0.75000000000000000
-0.72916666666666663-0.70833333333333337-0.68750000000000000-0.66666666666666663
-0.64583333333333337-0.62500000000000000-0.60416666666666663-0.58333333333333337
-0.56250000000000000-0.54166666666666663-0.52083333333333337-0.50000000000000000
-0.47916666666666669-0.45833333333333331-0.43750000000000000-0.41666666666666669
-0.39583333333333331-0.37500000000000000-0.35416666666666669-0.33333333333333331
-0.31250000000000000-0.29166666666666669-0.27083333333333331-0.25000000000000000
-0.22916666666666666-0.20833333333333334-0.18750000000000000-0.16666666666666666
-0.14583333333333334-0.12500000000000000-0.10416666666666667-0.08333333333333333
-0.06250000000000000-0.04166666666666666-0.02083333333333333 0.00000000000000000
 0.02083333333333333 0.04166666666666666 0.06250000000000000 0.08333333333333333
 0.10416666666666667 0.12500000000000000 0.14583333333333334 0.16666666666666666
 0.18750000000000000 0.20833333333333334 0.22916666666666666 0.25000000000000000
 0.27083333333333331 0.29166666666666669 0.31250000000000000 0.33333333333333331
 0.35416666666666669 0.37500000000000000 0.39583333333333331 0.41666666666666669
 0.43750000000000000 0.45833333333333331 0.47916666666666669 0.50000000000000000
 0.52083333333333337 0.54166666666666663 0.56250000000000000 0.58333333333333337
 0.60416666666666663 0.62500000000000000 0.64583333333333337 0.66666666666666663
 0.68750000000000000 0.70833333333333337 0.72916666666666663 0.75000000000000000
 0.77083333333333337 0.79166666666666663 0.81250000000000000 0.83333333333333337
 0.85416666666666663 0.87500000000000000 0.89583333333333337 0.91666666666666663
 0.93750000000000000 0.95833333333333337 0.97916666666666663 1.00000000000000000
-0.97916666666666663-0.95833333333333337-0.93750000000000000-0.91666666666666663
-0.89583333333333337-0.87500000000000000-0.85416666666666663-0.83333333333333337
-0.81250000000000000-0.79166666666666663-0.77083333333333337-0.75000000000000000
-0.72916666666666663-0.70833333333333337-0.68750000000000000-0.66666666666666663
-0.64583333333333337-0.62500000000000000-0.60416666666666663-0.58333333333333337
-0.56250000000000000-0.54166666666666663-0.52083333333333337-0.50000000000000000
-0.47916666666666669-0.45833333333333331-0.43750000000000000-0.41666666666666669
-0.39583333333333331-0.37500000000000000-0.35416666666666669-0.33333333333333331
-0.31250000000000000-0.29166666666666669-0.27083333333333331-0.25000000000000000
-0.22916666666666666-0.20833333333333334-0.18750000000000000-0.16666666666666666
-0.14583333333333334-0.12500000000000000-0.10416666666666667-0.08333333333333333
-0.06250000000000000-0.04166666666666666-0.02083333333333333 0.00000000000000000
 0.02083333333333333 0.04166666666666666 0.06250000000000000 0.08333333333333333
 0.10416666666666667 0.12500000000000000 0.14583333333333334 0.16666666666666666
 0.18750000000000000 0.20833333333333334 0.22916666666666666 0.25000000000000000
 0.27083333333333331 0.29166666666666669 0.31250000000000000 0.33333333333333331
 0.35416666666666669 0.37500000000000000 0.39583333333333331 0.41666666666666669
 0.43750000000000000 0.45833333333333331 0.47916666666666669 0.50000000000000000
 0.52083333333333337 0.54166666666666663 0.56250000000000000 0.58333333333333337
 0.60416666666666663 0.62500000000000000 0.64583333333333337 0.66666666666666663
 0.68750000000000000 0.70833333333333337 0.72916666666666663 0.75000000000000000
 0.77083333333333337 0.79166666666666663 0.81250000000000000 0.83333333333333337
 0.85416666666666663 0.87500000000000000 0.89583333333333337 0.91666666666666663
 0.93750000000000000 0.95833333333333337 0.97916666666666663 1.00000000000000000
-0.97916666666666663-0.95833333333333337-0.93750000000000000-0.91666666666666663
-0.89583333333333337-0.87500000000000000-0.85416666666666663-0.83333333333333337
-0.81250000000000000-0.79166666666666663-0.77083333333333337-0.75000000000000000
-0.72916666666666663-0.70833333333333337-0.68750000000000000-0.66666666666666663
-0.64583333333333337-0.62500000000000000-0.60416666666666663-0.58333333333333337
-0.56250000000000000-0.54166666666666663-0.52083333333333337-0.50000000000000000
-0.47916666666666669-0.45833333333333331-0.43750000000000000-0.41666666666666669
-0.39583333333333331-0.37500000000000000-0.35416666666666669-0.33333333333333331
-0.31250000000000000-0.29166666666666669-0.27083333333333331-0.25000000000000000
-0.22916666666666666-0.20833333333333334-0.18750000000000000-0.16666666666666666
-0.14583333333333334-0.12500000000000000-0.10416666666666667-0.08333333333333333
-0.06250000000000000-0.04166666666666666-0.02083333333333333 0.00000000000000000
 0.02083333333333333 0.04166666666666666 0.06250000000000000 0.08333333333333333
 0.10416666666666667 0.12500000000000000 0.14583333333333334 0.16666666666666666
 0.18750000000000000 0.20833333333333334 0.22916666666666666 0.25000000000000000
 0.27083333333333331 0.29166666666666669 0.31250000000000000 0.33333333333333331
 0.35416666666666669 0.37500000000000000 0.39583333333333331 0.41666666666666669
 0.43750000000000000 0.45833333333333331 0.47916666666666669 0.50000000000000000
 0.52083333333333337 0.54166666666666663 0.56250000000000000 0.58333333333333337
 0.60416666666666663 0.62500000000000000 0.64583333333333337 0.66666666666666663
 0.68750000000000000 0.70833333333333337 0.72916666666666663 0.75000000000000000
 0.77083333333333337 0.79166666666666663 0.81250000000000000 0.83333333333333337
 0.85416666666666663 0.87500000000000000 0.89583333333333337 0.91666666666666663
 0.93750000000000000 0.95833333333333337 0.97916666666666663 1.00000000000000000
-0.97916666666666663-0.95833333333333337-0.93750000000000000-0.91666666666666663
-0.89583333333333337-0.87500000000000000-0.85416666666666663-0.83333333333333337
-0.81250000000000000-0.79166666666666663-0.77083333333333337-0.75000000000000000
-0.72916666666666663-0.70833333333333337-0.68750000000000000-0.66666666666666663
-0.64583333333333337-0.62500000000000000-0.60416666666666663-0.58333333333333337
-0.56250000000000000-0.54166666666666663-0.52083333333333337-0.50000000000000000
-0.47916666666666669-0.45833333333333331-0.43750000000000000-0.41666666666666669
-0.39583333333333331-0.37500000000000000-0.35416666666666669-0.33333333333333331
-0.31250000000000000-0.29166666666666669-0.27083333333333331-0.25000000000000000
-0.22916666666666666-0.20833333333333334-0.18750000000000000-0.16666666666666666
-0.14583333333333334-0.12500000000000000-0.10416666666666667-0.08333333333333333
-0.06250000000000000-0.04166666666666666-0.02083333333333333 0.00000000000000000
 0.02083333333333333 0.04166666666666666 0.06250000000000000 0.08333333333333333
 0.10416666666666667 0.12500000000000000 0.14583333333333334 0.16666666666666666
 0.18750000000000000 0.20833333333333334 0.22916666666666666 0.25000000000000000
 0.27083333333333331 0.29166666666666669 0.31250000000000000 0.33333333333333331
 0.35416666666666669 0.37500000000000000 0.39583333333333331 0.41666666666666669
 0.43750000000000000 0.45833333333333331 0.47916666666666669 0.50000000000000000
 0.52083333333333337 0.54166666666666663 0.56250000000000000 0.58333333333333337
 0.60416666666666663 0.62500000000000000 0.64583333333333337 0.66666666666666663
 0.68750000000000000 0.70833333333333337 0.72916666666666663 0.75000000000000000
 0.77083333333333337 0.79166666666666663 0.81250000000000000 0.83333333333333337
 0.85416666666666663 0.87500000000000000 0.89583333333333337 0.91666666666666663
 0.93750000000000000 0.95833333333333337 0.97916666666666663 1.00000000000000000
-0.97916666666666663-0.95833333333333337-0.93750000000000000-0.91666666666666663
-0.89583333333333337-0.87500000000000000-0.85416666666666663-0.83333333333333337
-0.81250000000000000-0.79166666666666663-0.77083333333333337-0.75000000000000000
-0.72916666666666663-0.70833333333333337-0.68750000000000000-0.66666666666666663
-0.64583333333333337-0.62500000000000000-0.60416666666666663-0.58333333333333337
-0.56250000000000000-0.54166666666666663-0.52083333333333337-0.50000000000000000
-0.47916666666666669-0.45833333333333331-0.43750000000000000-0.41666666666666669
-0.39583333333333331-0.37500000000000000-0.35416666666666669-0.33333333333333331
-0.31250000000000000-0.29166666666666669-0.27083333333333331-0.25000000000000000
-0.22916666666666666-0.20833333333333334-0.18750000000000000-0.16666666666666666
-0.14583333333333334-0.12500000000000000-0.10416666666666667-0.08333333333333333
-0.06250000000000000-0.04166666666666666-0.02083333333333333 0.00000000000000000
 0.02083333333333333 0.04166666666666666 0.06250000000000000 0.08333333333333333
 0.10416666666666667 0.12500000000000000 0.14583333333333334 0.16666666666666666
 0.18750000000000000 0.20833333333333334 0.22916666666666666 0.25000000000000000
 0.27083333333333331 0.29166666666666669 0.31250000000000000 0.33333333333333331
 0.35416666666666669 0.37500000000000000 0.39583333333333331 0.41666666666666669
 0.43750000000000000 0.45833333333333331 0.47916666666666669 0.50000000000000000
 0.52083333333333337 0.54166666666666663 0.56250000000000000 0.58333333333333337
 0.60416666666666663 0.62500000000000000 0.64583333333333337 0.66666666666666663
 0.68750000000000000 0.70833333333333337 0.72916666666666663 0.75000000000000000
 0.77083333333333337 0.79166666666666663 0.81250000000000000 0.83333333333333337
 0.85416666666666663 0.87500000000000000 0.89583333333333337 0.91666666666666663
 0.93750000000000000 0.95833333333333337 0.97916666666666663 1.00000000000000000
-0.97916666666666663-0.95833333333333337-0.93750000000000000-0.91666666666666663
-0.89583333333333337-0.87500000000000000-0.85416666666666663-0.83333333333333337
-0.81250000000000000-0.79166666666666663-0.77083333333333337-0.75000000000000000
-0.72916666666666663-0.70833333333333337-0.68750000000000000-0.66666666666666663
-0.64583333333333337-0.62500000000000000-0.60416666666666663-0.58333333333333337
-0.56250000000000000-0.54166666666666663-0.52083333333333337-0.50000000000000000
-0.47916666666666669-0.45833333333333331-0.43750000000000000-0.41666666666666669
-0.39583333333333331-0.37500000000000000-0.35416666666666669-0.33333333333333331
-0.31250000000000000-0.29166666666666669-0.27083333333333331-0.25000000000000000
-0.22916666666666666-0.20833333333333334-0.18750000000000000-0.16666666666666666
-0.14583333333333334-0.12500000000000000-0.10416666666666667-0.08333333333333333
-0.06250000000000000-0.04166666666666666-0.02083333333333333 0.00000000000000000
 0.02083333333333333 0.04166666666666666 0.06250000000000000 0.08333333333333333
 0.10416666666666667 0.12500000000000000 0.14583333333333334 0.16666666666666666
 0.18750000000000000 0.20833333333333334 0.22916666666666666 0.25000000000000000
 0.27083333333333331 0.29166666666666669 0.31250000000000000 0.33333333333333331
 0.35416666666666669 0.37500000000000000 0.39583333333333331 0.41666666666666669
 0.43750000000000000 0.45833333333333331 0.47916666666666669 0.50000000000000000
 0.52083333333333337 0.54166666666666663 0.56250000000000000 0.58333333333333337
 0.60416666666666663 0.62500000000000000 0.64583333333333337 0.66666666666666663
 0.68750000000000000 0.70833333333333337 0.72916666666666663 0.75000000000000000
 0.77083333333333337 0.79166666666666663 0.81250000000000000 0.83333333333333337
 0.85416666666666663 0.87500000000000000 0.89583333333333337 0.91666666666666663
 0.93750000000000000 0.95833333333333337 0.97916666666666663 1.00000000000000000
-0.97916666666666663-0.95833333333333337-0.93750000000000000-0.91666666666666663
-0.89583333333333337-0.87500000000000000-0.85416666666666663-0.83333333333333337
-0.81250000000000000-0.79166666666666663-0.77083333333333337-0.75000000000000000
-0.72916666666666663-0.70833333333333337-0.68750000000000000-0.66666666666666663
-0.64583333333333337-0.62500000000000000-0.60416666666666663-0.58333333333333337
-0.56250000000000000-0.54166666666666663-0.52083333333333337-0.50000000000000000
-0.47916666666666669-0.45833333333333331-0.43750000000000000-0.41666666666666669
-0.39583333333333331-0.37500000000000000-0.35416666666666669-0.33333333333333331
-0.31250000000000000-0.29166666666666669-0.27083333333333331-0.25000000000000000
-0.22916666666666666-0.20833333333333334-0.18750000000000000-0.16666666666666666
-0.14583333333333334-0.12500000000000000-0.10416666666666667-0.08333333333333333
-0.06250000000000000-0.04166666666666666-0.02083333333333333 0.00000000000000000
 0.02083333333333333 0.04166666666666666 0.06250000000000000 0.08333333333333333
 0.10416666666666667 0.12500000000000000 0.14583333333333334 0.16666666666666666
 0.18750000000000000 0.20833333333333334 0.22916666666666666 0.25000000000000000
 0.27083333333333331 0.29166666666666669 0.31250000000000000 0.33333333333333331
 0.35416666666666669 0.37500000000000000 0.39583333333333331 0.41666666666666669
 0.43750000000000000 0.45833333333333331 0.47916666666666669 0.50000000000000000
 0.52083333333333337 0.54166666666666663 0.56250000000000000 0.58333333333333337
 0.60416666666666663 0.62500000000000000 0.64583333333333337 0.66666666666666663
 0.68750000000000000 0.70833333333333337 0.72916666666666663 0.75000000000000000
 0.77083333333333337 0.79166666666666663 0.81250000000000000 0.83333333333333337
 0.85416666666666663 0.87500000000000000 0.89583333333333337 0.91666666666666663
 0.93750000000000000 0.95833333333333337 0.97916666666666663 1.00000000000000000
-0.97916666666666663-0.95833333333333337-0.93750000000000000-0.91666666666666663
-0.89583333333333337-0.87500000000000000-0.85416666666666663-0.83333333333333337
-0.81250000000000000-0.79166666666666663-0.77083333333333337-0.75000000000000000
-0.72916666666666663-0.70833333333333337-0.68750000000000000-0.66666666666666663
-0.64583333333333337-0.62500000000000000-0.60416666666666663-0.58333333333333337
-0.56250000000000000-0.54166666666666663-0.52083333333333337-0.50000000000000000
-0.47916666666666669-0.45833333333333331-0.43750000000000000-0.41666666666666669
-0.39583333333333331-0.37500000000000000-0.35416666666666669-0.33333333333333331
-0.31250000000000000-0.29166666666666669-0.27083333333333331-0.25000000000000000
-0.22916666666666666-0.20833333333333334-0.18750000000000000-0.16666666666666666
-0.14583333333333334-0.12500000000000000-0.10416666666666667-0.08333333333333333
-0.06250000000000000-0.04166666666666666-0.02083333333333333 0.00000000000000000
 0.02083333333333333 0.04166666666666666 0.06250000000000000 0.08333333333333333
 0.10416666666666667 0.12500000000000000 0.14583333333333334 0.16666666666666666
 0.18750000000000000 0.20833333333333334 0.22916666666666666 0.25000000000000000
 0.27083333333333331 0.29166666666666669 0.31250000000000000 0.33333333333333331
 0.35416666666666669 0.37500000000000000 0.39583333333333331 0.41666666666666669
 0.43750000000000000 0.45833333333333331 0.47916666666666669 0.50000000000000000
 0.52083333333333337 0.54166666666666663 0.56250000000000000 0.58333333333333337
 0.60416666666666663 0.62500000000000000 0.64583333333333337 0.66666666666666663
 0.68750000000000000 0.70833333333333337 0.72916666666666663 0.75000000000000000
 0.77083333333333337 0.79166666666666663 0.81250000000000000 0.83333333333333337
 0.85416666666666663 0.87500000000000000 0.89583333333333337 0.91666666666666663
 0.93750000000000000 0.95833333333333337 0.97916666666666663 1.00000000000000000
-0.97916666666666663-0.95833333333333337-0.93750000000000000-0.91666666666666663
-0.89583333333333337-0.87500000000000000-0.85416666666666663-0.83333333333333337
-0.81250000000000000-0.79166666666666663-0.77083333333333337-0.75000000000000000
-0.72916666666666663-0.70833333333333337-0.68750000000000000-0.66666666666666663
-0.64583333333333337-0.62500000000000000-0.60416666666666663-0.58333333333333337
-0.56250000000000000-0.54166666666666663-0.52083333333333337-0.50000000000000000
-0.47916666666666669-0.45833333333333331-0.43750000000000000-0.41666666666666669
-0.39583333333333331-0.37500000000000000-0.35416666666666669-0.33333333333333331
-0.31250000000000000-0.29166666666666669-0.27083333333333331-0.25000000000000000
-0.22916666666666666-0.20833333333333334-0.18750000000000000-0.16666666666666666
-0.14583333333333334-0.12500000000000000-0.10416666666666667-0.08333333333333333
-0.06250000000000000-0.04166666666666666-0.02083333333333333 0.00000000000000000
 0.02083333333333333 0.04166666666666666 0.06250000000000000 0.08333333333333333
 0.10416666666666667 0.12500000000000000 0.14583333333333334 0.16666666666666666
 0.18750000000000000 0.20833333333333334 0.22916666666666666 0.25000000000000000
 0.27083333333333331 0.29166666666666669 0.31250000000000000 0.33333333333333331
 0.35416666666666669 0.37500000000000000 0.39583333333333331 0.41666666666666669
 0.43750000000000000 0.45833333333333331 0.47916666666666669 0.50000000000000000
 0.52083333333333337 0.54166666666666663 0.56250000000000000 0.58333333333333337
 0.60416666666666663 0.62500000000000000 0.64583333333333337 0.66666666666666663
 0.68750000000000000 0.70833333333333337 0.72916666666666663 0.75000000000000000
 0.77083333333333337 0.79166666666666663 0.81250000000000000 0.83333333333333337
 0.85416666666666663 0.87500000000000000 0.89583333333333337 0.91666666666666663
 0.93750000000000000 0.95833333333333337 0.97916666666666663 1.00000000000000000
-0.97916666666666663-0.95833333333333337-0.93750000000000000-0.91666666666666663
-0.89583333333333337-0.87500000000000000-0.85416666666666663-0.83333333333333337
-0.81250000000000000-0.79166666666666663-0.77083333333333337-0.75000000000000000
-0.72916666666666663-0.70833333333333337-0.68750000000000000-0.66666666666666663
-0.64583333333333337-0.62500000000000000-0.60416666666666663-0.58333333333333337
-0.56250000000000000-0.54166666666666663-0.52083333333333337-0.50000000000000000
-0.47916666666666669-0.45833333333333331-0.43750000000000000-0.41666666666666669
-0.39583333333333331-0.37500000000000000-0.35416666666666669-0.33333333333333331
-0.31250000000000000-0.29166666666666669-0.27083333333333331-0.25000000000000000
-0.22916666666666666-0.20833333333333334-0.18750000000000000-0.16666666666666666
-0.14583333333333334-0.12500000000000000-0.10416666666666667-0.08333333333333333
-0.06250000000000000-0.04166666666666666-0.02083333333333333 0.00000000000000000
 0.02083333333333333 0.04166666666666666 0.06250000000000000 0.08333333333333333
 0.10416666666666667 0.12500000000000000 0.14583333333333334 0.16666666666666666
 0.18750000000000000 0.20833333333333334 0.22916666666666666 0.25000000000000000
 0.27083333333333331 0.29166666666666669 0.31250000000000000 0.33333333333333331
 0.35416666666666669 0.37500000000000000 0.39583333333333331 0.41666666666666669
 0.43750000000000000 0.45833333333333331 0.47916666666666669 0.50000000000000000
 0.52083333333333337 0.54166666666666663 0.56250000000000000 0.58333333333333337
 0.60416666666666663 0.62500000000000000 0.64583333333333337 0.66666666666666663
 0.68750000000000000 0.70833333333333337 0.72916666666666663 0.75000000000000000
 0.77083333333333337 0.79166666666666663 0.81250000000000000 0.83333333333333337
 0.85416666666666663 0.87500000000000000 0.89583333333333337 0.91666666666666663
 0.93750000000000000 0.95833333333333337 0.97916666666666663 1.00000000000000000
-0.97916666666666663-0.95833333333333337-0.93750000000000000-0.91666666666666663
-0.89583333333333337-0.87500000000000000-0.85416666666666663-0.83333333333333337
-0.81250000000000000-0.79166666666666663-0.77083333333333337-0.75000000000000000
-0.72916666666666663-0.70833333333333337-0.68750000000000000-0.66666666666666663
-0.64583333333333337-0.62500000000000000-0.60416666666666663-0.58333333333333337
-0.56250000000000000-0.54166666666666663-0.52083333333333337-0.50000000000000000
-0.47916666666666669-0.45833333333333331-0.43750000000000000-0.41666666666666669
-0.39583333333333331-0.37500000000000000-0.35416666666666669-0.33333333333333331
-0.31250000000000000-0.29166666666666669-0.27083333333333331-0.25000000000000000
-0.22916666666666666-0.20833333333333334-0.18750000000000000-0.16666666666666666
-0.14583333333333334-0.12500000000000000-0.10416666666666667-0.08333333333333333
-0.06250000000000000-0.04166666666666666-0.02083333333333333 0.00000000000000000
 0.02083333333333333 0.04166666666666666 0.06250000000000000 0.08333333333333333
 0.10416666666666667 0.12500000000000000 0.14583333333333334 0.16666666666666666
 0.18750000000000000 0.20833333333333334 0.22916666666666666 0.25000000000000000
 0.27083333333333331 0.29166666666666669 0.31250000000000000 0.33333333333333331
 0.35416666666666669 0.37500000000000000 0.39583333333333331 0.41666666666666669
 0.43750000000000000 0.45833333333333331 0.47916666666666669 0.50000000000000000
 0.52083333333333337 0.54166666666666663 0.56250000000000000 0.58333333333333337
 0.60416666666666663 0.62500000000000000 0.64583333333333337 0.66666666666666663
 0.68750000000000000 0.70833333333333337 0.72916666666666663 0.75000000000000000
 0.77083333333333337 0.79166666666666663 0.81250000000000000 0.83333333333333337
 0.85416666666666663 0.87500000000000000 0.89583333333333337 0.91666666666666663
 0.93750000000000000 0.95833333333333337 0.97916666666666663 1.00000000000000000
-0.97916666666666663-0.95833333333333337-0.93750000000000000-0.91666666666666663
-0.89583333333333337-0.87500000000000000-0.85416666666666663-0.83333333333333337
-0.81250000000000000-0.79166666666666663-0.77083333333333337-0.75000000000000000
-0.72916666666666663-0.70833333333333337-0.68750000000000000-0.66666666666666663
-0.64583333333333337-0.62500000000000000-0.60416666666666663-0.58333333333333337
-0.56250000000000000-0.54166666666666663-0.52083333333333337-0.50000000000000000
-0.47916666666666669-0.45833333333333331-0.43750000000000000-0.41666666666666669
-0.39583333333333331-0.37500000000000000-0.35416666666666669-0.33333333333333331
-0.31250000000000000-0.29166666666666669-0.27083333333333331-0.25000000000000000
-0.22916666666666666-0.20833333333333334-0.18750000000000000-0.16666666666666666
-0.14583333333333334-0.12500000000000000-0.10416666666666667-0.08333333333333333
-0.06250000000000000-0.04166666666666666-0.02083333333333333 0.00000000000000000
 0.02083333333333333 0.04166666666666666 0.06250000000000000 0.08333333333333333
 0.10416666666666667 0.12500000000000000 0.14583333333333334 0.16666666666666666
 0.18750000000000000 0.20833333333333334 0.22916666666666666 0.25000000000000000
 0.27083333333333331 0.29166666666666669 0.31250000000000000 0.33333333333333331
 0.35416666666666669 0.37500000000000000 0.39583333333333331 0.41666666666666669
 0.43750000000000000 0.45833333333333331 0.47916666666666669 0.50000000000000000
 0.52083333333333337 0.54166666666666663 0.56250000000000000 0.58333333333333337
 0.60416666666666663 0.62500000000000000 0.64583333333333337 0.66666666666666663
 0.68750000000000000 0.70833333333333337 0.72916666666666663 0.75000000000000000
 0.77083333333333337 0.79166666666666663 0.81250000000000000 0.83333333333333337
 0.85416666666666663 0.87500000000000000 0.89583333333333337 0.91666666666666663
 0.93750000000000000 0.95833333333333337 0.97916666666666663 1.00000000000000000
-0.97916666666666663-0.95833333333333337-0.93750000000000000-0.91666666666666663
-0.89583333333333337-0.87500000000000000-0.85416666666666663-0.83333333333333337
-0.81250000000000000-0.79166666666666663-0.77083333333333337-0.75000000000000000
-0.72916666666666663-0.70833333333333337-0.68750000000000000-0.66666666666666663
-0.64583333333333337-0.62500000000000000-0.60416666666666663-0.58333333333333337
-0.56250000000000000-0.54166666666666663-0.52083333333333337-0.50000000000000000
-0.47916666666666669-0.45833333333333331-0.43750000000000000-0.41666666666666669
-0.39583333333333331-0.37500000000000000-0.35416666666666669-0.33333333333333331
-0.31250000000000000-0.29166666666666669-0.27083333333333331-0.25000000000000000
-0.22916666666666666-0.20833333333333334-0.18750000000000000-0.16666666666666666
-0.14583333333333334-0.12500000000000000-0.10416666666666667-0.08333333333333333
-0.06250000000000000-0.04166666666666666-0.02083333333333333 0.00000000000000000
 0.02083333333333333 0.04166666666666666 0.06250000000000000 0.08333333333333333
 0.10416666666666667 0.12500000000000000 0.14583333333333334 0.16666666666666666
 0.18750000000000000 0.20833333333333334 0.22916666666666666 0.25000000000000000
 0.27083333333333331 0.29166666666666669 0.31250000000000000 0.33333333333333331
 0.35416666666666669 0.37500000000000000 0.39583333333333331 0.41666666666666669
 0.43750000000000000 0.45833333333333331 0.47916666666666669 0.50000000000000000
 0.52083333333333337 0.54166666666666663 0.56250000000000000 0.58333333333333337
 0.60416666666666663 0.62500000000000000 0.64583333333333337 0.66666666666666663
 0.68750000000000000 0.70833333333333337 0.72916666666666663 0.75000000000000000
 0.77083333333333337 0.79166666666666663 0.81250000000000000 0.83333333333333337
 0.85416666666666663 0.87500000000000000 0.89583333333333337 0.91666666666666663
 0.93750000000000000 0.95833333333333337 0.97916666666666663 1.00000000000000000
-0.97916666666666663-0.95833333333333337-0.93750000000000000-0.91666666666666663
-0.89583333333333337-0.87500000000000000-0.85416666666666663-0.83333333333333337
-0.81250000000000000-0.79166666666666663-0.77083333333333337-0.75000000000000000
-0.72916666666666663-0.70833333333333337-0.68750000000000000-0.66666666666666663
-0.64583333333333337-0.62500000000000000-0.60416666666666663-0.58333333333333337
-0.56250000000000000-0.54166666666666663-0.52083333333333337-0.50000000000000000
-0.47916666666666669-0.45833333333333331-0.43750000000000000-0.41666666666666669
-0.39583333333333331-0.37500000000000000-0.35416666666666669-0.33333333333333331
-0.31250000000000000-0.29166666666666669-0.27083333333333331-0.25000000000000000
-0.22916666666666666-0.20833333333333334-0.18750000000000000-0.16666666666666666
-0.14583333333333334-0.12500000000000000-0.10416666666666667-0.08333333333333333
-0.06250000000000000-0.04166666666666666-0.02083333333333333 0.00000000000000000
 0.02083333333333333 0.04166666666666666 0.06250000000000000 0.08333333333333333
 0.10416666666666667 0.12500000000000000 0.14583333333333334 0.16666666666666666
 0.18750000000000000 0.20833333333333334 0.22916666666666666 0.25000000000000000
 0.27083333333333331 0.29166666666666669 0.31250000000000000 0.33333333333333331
 0.35416666666666669 0.37500000000000000 0.39583333333333331 0.41666666666666669
 0.43750000000000000 0.45833333333333331 0.47916666666666669 0.50000000000000000
 0.52083333333333337 0.54166666666666663 0.56250000000000000 0.58333333333333337
 0.60416666666666663 0.62500000000000000 0.64583333333333337 0.66666666666666663
 0.68750000000000000 0.70833333333333337 0.72916666666666663 0.75000000000000000
 0.77083333333333337 0.79166666666666663 0.81250000000000000 0.83333333333333337
 0.85416666666666663 0.87500000000000000 0.89583333333333337 0.91666666666666663
 0.93750000000000000 0.95833333333333337 0.97916666666666663 1.00000000000000000
-0.97916666666666663-0.95833333333333337-0.93750000000000000-0.91666666666666663
-0.89583333333333337-0.87500000000000000-0.85416666666666663-0.83333333333333337
-0.81250000000000000-0.79166666666666663-0.77083333333333337-0.75000000000000000
-0.72916666666666663-0.70833333333333337-0.68750000000000000-0.66666666666666663
-0.64583333333333337-0.62500000000000000-0.60416666666666663-0.58333333333333337
-0.56250000000000000-0.54166666666666663-0.52083333333333337-0.50000000000000000
-0.47916666666666669-0.45833333333333331-0.43750000000000000-0.41666666666666669
-0.39583333333333331-0.37500000000000000-0.35416666666666669-0.33333333333333331
-0.31250000000000000-0.29166666666666669-0.27083333333333331-0.25000000000000000
-0.22916666666666666-0.20833333333333334-0.18750000000000000-0.16666666666666666
-0.14583333333333334-0.12500000000000000-0.10416666666666667-0.08333333333333333
-0.06250000000000000-0.04166666666666666-0.02083333333333333 0.00000000000000000
 0.02083333333333333 0.04166666666666666 0.06250000000000000 0.08333333333333333
 0.10416666666666667 0.12500000000000000 0.14583333333333334 0.16666666666666666
 0.18750000000000000 0.20833333333333334 0.22916666666666666 0.25000000000000000
 0.27083333333333331 0.29166666666666669 0.31250000000000000 0.33333333333333331
 0.35416666666666669 0.37500000000000000 0.39583333333333331 0.41666666666666669
 0.43750000000000000 0.45833333333333331 0.47916666666666669 0.50000000000000000
 0.52083333333333337 0.54166666666666663 0.56250000000000000 0.58333333333333337
 0.60416666666666663 0.62500000000000000 0.64583333333333337 0.66666666666666663
 0.68750000000000000 0.70833333333333337 0.72916666666666663 0.75000000000000000
 0.77083333333333337 0.79166666666666663 0.81250000000000000 0.83333333333333337
 0.85416666666666663 0.87500000000000000 0.89583333333333337 0.91666666666666663
 0.93750000000000000 0.95833333333333337 0.97916666666666663 1.00000000000000000
-0.97916666666666663-0.95833333333333337-0.93750000000000000-0.91666666666666663
-0.89583333333333337-0.87500000000000000-0.85416666666666663-0.83333333333333337
-0.81250000000000000-0.79166666666666663-0.77083333333333337-0.75000000000000000
-0.72916666666666663-0.70833333333333337-0.68750000000000000-0.66666666666666663
-0.64583333333333337-0.62500000000000000-0.60416666666666663-0.58333333333333337
-0.56250000000000000-0.54166666666666663-0.52083333333333337-0.50000000000000000
-0.47916666666666669-0.45833333333333331-0.43750000000000000-0.41666666666666669
-0.39583333333333331-0.37500000000000000-0.35416666666666669-0.33333333333333331
-0.31250000000000000-0.29166666666666669-0.27083333333333331-0.25000000000000000
-0.22916666666666666-0.20833333333333334-0.18750000000000000-0.16666666666666666
-0.14583333333333334-0.12500000000000000-0.10416666666666667-0.08333333333333333
-0.06250000000000000-0.04166666666666666-0.02083333333333333 0.00000000000000000
 0.02083333333333333 0.04166666666666666 0.06250000000000000 0.08333333333333333
 0.10416666666666667 0.12500000000000000 0.14583333333333334 0.16666666666666666
 0.18750000000000000 0.20833333333333334 0.22916666666666666 0.25000000000000000
 0.27083333333333331 0.29166666666666669 0.31250000000000000 0.33333333333333331
 0.35416666666666669 0.37500000000000000 0.39583333333333331 0.41666666666666669
 0.43750000000000000 0.45833333333333331 0.47916666666666669 0.50000000000000000
 0.52083333333333337 0.54166666666666663 0.56250000000000000 0.58333333333333337
 0.60416666666666663 0.62500000000000000 0.64583333333333337 0.66666666666666663
 0.68750000000000000 0.70833333333333337 0.72916666666666663 0.75000000000000000
 0.77083333333333337 0.79166666666666663 0.81250000000000000 0.83333333333333337
 0.85416666666666663 0.87500000000000000 0.89583333333333337 0.91666666666666663
 0.93750000000000000 0.95833333333333337 0.97916666666666663 1.00000000000000000
-0.97916666666666663-0.95833333333333337-0.93750000000000000-0.91666666666666663
-0.89583333333333337-0.87500000000000000-0.85416666666666663-0.83333333333333337
-0.81250000000000000-0.79166666666666663-0.77083333333333337-0.75000000000000000
-0.72916666666666663-0.70833333333333337-0.68750000000000000-0.66666666666666663
-0.64583333333333337-0.62500000000000000-0.60416666666666663-0.58333333333333337
-0.56250000000000000-0.54166666666666663-0.52083333333333337-0.50000000000000000
-0.47916666666666669-0.45833333333333331-0.43750000000000000-0.41666666666666669
-0.39583333333333331-0.37500000000000000-0.35416666666666669-0.33333333333333331
-0.31250000000000000-0.29166666666666669-0.27083333333333331-0.25000000000000000
-0.22916666666666666-0.20833333333333334-0.18750000000000000-0.16666666666666666
-0.14583333333333334-0.12500000000000000-0.10416666666666667-0.08333333333333333
-0.06250000000000000-0.04166666666666666-0.02083333333333333 0.00000000000000000
 0.02083333333333333 0.04166666666666666 0.06250000000000000 0.08333333333333333
 0.10416666666666667 0.12500000000000000 0.14583333333333334 0.16666666666666666
 0.18750000000000000 0.20833333333333334 0.22916666666666666 0.25000000000000000
 0.27083333333333331 0.29166666666666669 0.31250000000000000 0.33333333333333331
 0.35416666666666669 0.37500000000000000 0.39583333333333331 0.41666666666666669
 0.43750000000000000 0.45833333333333331 0.47916666666666669 0.50000000000000000
 0.52083333333333337 0.54166666666666663 0.56250000000000000 0.58333333333333337
 0.60416666666666663 0.62500000000000000 0.64583333333333337 0.66666666666666663
 0.68750000000000000 0.70833333333333337 0.72916666666666663 0.75000000000000000
 0.77083333333333337 0.79166666666666663 0.81250000000000000 0.83333333333333337
 0.85416666666666663 0.87500000000000000 0.89583333333333337 0.91666666666666663
 0.93750000000000000 0.95833333333333337 0.97916666666666663 1.00000000000000000
-0.97916666666666663-0.95833333333333337-0.93750000000000000-0.91666666666666663
-0.89583333333333337-0.87500000000000000-0.85416666666666663-0.83333333333333337
-0.81250000000000000-0.79166666666666663-0.77083333333333337-0.75000000000000000
-0.72916666666666663-0.70833333333333337-0.68750000000000000-0.66666666666666663
-0.64583333333333337-0.62500000000000000-0.60416666666666663-0.58333333333333337
-0.56250000000000000-0.54166666666666663-0.52083333333333337-0.50000000000000000
-0.47916666666666669-0.45833333333333331-0.43750000000000000-0.41666666666666669
-0.39583333333333331-0.37500000000000000-0.35416666666666669-0.33333333333333331
-0.31250000000000000-0.29166666666666669-0.27083333333333331-0.25000000000000000
-0.22916666666666666-0.20833333333333334-0.18750000000000000-0.16666666666666666
-0.14583333333333334-0.12500000000000000-0.10416666666666667-0.08333333333333333
-0.06250000000000000-0.04166666666666666-0.02083333333333333 0.00000000000000000
 0.02083333333333333 0.04166666666666666 0.06250000000000000 0.08333333333333333
 0.10416666666666667 0.12500000000000000 0.14583333333333334 0.16666666666666666
 0.18750000000000000 0.20833333333333334 0.22916666666666666 0.25000000000000000
 0.27083333333333331 0.29166666666666669 0.31250000000000000 0.33333333333333331
 0.35416666666666669 0.37500000000000000 0.39583333333333331 0.41666666666666669
 0.43750000000000000 0.45833333333333331 0.47916666666666669 0.50000000000000000
 0.52083333333333337 0.54166666666666663 0.56250000000000000 0.58333333333333337
 0.60416666666666663 0.62500000000000000 0.64583333333333337 0.66666666666666663
 0.68750000000000000 0.70833333333333337 0.72916666666666663 0.75000000000000000
 0.77083333333333337 0.79166666666666663 0.81250000000000000 0.83333333333333337
 0.85416666666666663 0.87500000000000000 0.89583333333333337 0.91666666666666663
 0.93750000000000000 0.95833333333333337 0.97916666666666663 1.00000000000000000
-0.97916666666666663-0.95833333333333337-0.93750000000000000-0.91666666666666663
-0.89583333333333337-0.87500000000000000-0.85416666666666663-0.83333333333333337
-0.81250000000000000-0.79166666666666663-0.77083333333333337-0.75000000000000000
-0.72916666666666663-0.70833333333333337-0.68750000000000000-0.66666666666666663
-0.64583333333333337-0.62500000000000000-0.60416666666666663-0.58333333333333337
-0.56250000000000000-0.54166666666666663-0.52083333333333337-0.50000000000000000
-0.47916666666666669-0.45833333333333331-0.43750000000000000-0.41666666666666669
-0.39583333333333331-0.37500000000000000-0.35416666666666669-0.33333333333333331
-0.31250000000000000-0.29166666666666669-0.27083333333333331-0.25000000000000000
-0.22916666666666666-0.20833333333333334-0.18750000000000000-0.16666666666666666
-0.14583333333333334-0.12500000000000000-0.10416666666666667-0.08333333333333333
-0.06250000000000000-0.04166666666666666-0.02083333333333333 0.00000000000000000
 0.02083333333333333 0.04166666666666666 0.06250000000000000 0.08333333333333333
 0.10416666666666667 0.12500000000000000 0.14583333333333334 0.16666666666666666
 0.18750000000000000 0.20833333333333334 0.22916666666666666 0.25000000000000000
 0.27083333333333331 0.29166666666666669 0.31250000000000000 0.33333333333333331
 0.35416666666666669 0.37500000000000000 0.39583333333333331 0.41666666666666669
 0.43750000000000000 0.45833333333333331 0.47916666666666669 0.50000000000000000
 0.52083333333333337 0.54166666666666663 0.56250000000000000 0.58333333333333337
 0.60416666666666663 0.62500000000000000 0.64583333333333337 0.66666666666666663
 0.68750000000000000 0.70833333333333337 0.72916666666666663 0.75000000000000000
 0.77083333333333337 0.79166666666666663 0.81250000000000000 0.83333333333333337
 0.85416666666666663 0.87500000000000000 0.89583333333333337 0.91666666666666663
 0.93750000000000000 0.95833333333333337 0.97916666666666663 1.00000000000000000
-0.97916666666666663-0.95833333333333337-0.93750000000000000-0.91666666666666663
-0.89583333333333337-0.87500000000000000-0.85416666666666663-0.83333333333333337
-0.81250000000000000-0.79166666666666663-0.77083333333333337-0.75000000000000000
-0.72916666666666663-0.70833333333333337-0.68750000000000000-0.66666666666666663
-0.64583333333333337-0.62500000000000000-0.60416666666666663-0.58333333333333337
-0.56250000000000000-0.54166666666666663-0.52083333333333337-0.50000000000000000
-0.47916666666666669-0.45833333333333331-0.43750000000000000-0.41666666666666669
-0.39583333333333331-0.37500000000000000-0.35416666666666669-0.33333333333333331
-0.31250000000000000-0.29166666666666669-0.27083333333333331-0.25000000000000000
-0.22916666666666666-0.20833333333333334-0.18750000000000000-0.16666666666666666
-0.14583333333333334-0.12500000000000000-0.10416666666666667-0.08333333333333333
-0.06250000000000000-0.04166666666666666-0.02083333333333333 0.00000000000000000
 0.02083333333333333 0.04166666666666666 0.06250000000000000 0.08333333333333333
 0.10416666666666667 0.12500000000000000 0.14583333333333334 0.16666666666666666
 0.18750000000000000 0.20833333333333334 0.22916666666666666 0.25000000000000000
 0.27083333333333331 0.29166666666666669 0.31250000000000000 0.33333333333333331
 0.35416666666666669 0.37500000000000000 0.39583333333333331 0.41666666666666669
 0.43750000000000000 0.45833333333333331 0.47916666666666669 0.50000000000000000
 0.52083333333333337 0.54166666666666663 0.56250000000000000 0.58333333333333337
 0.60416666666666663 0.62500000000000000 0.64583333333333337 0.66666666666666663
 0.68750000000000000 0.70833333333333337 0.72916666666666663 0.75000000000000000
 0.77083333333333337 0.79166666666666663 0.81250000000000000 0.83333333333333337
 0.85416666666666663 0.87500000000000000 0.89583333333333337 0.91666666666666663
 0.93750000000000000 0.95833333333333337 0.97916666666666663 1.00000000000000000
-0.97916666666666663-0.95833333333333337-0.93750000000000000-0.91666666666666663
-0.89583333333333337-0.87500000000000000-0.85416666666666663-0.83333333333333337
-0.81250000000000000-0.79166666666666663-0.77083333333333337-0.75000000000000000
-0.72916666666666663-0.70833333333333337-0.68750000000000000-0.66666666666666663
-0.64583333333333337-0.62500000000000000-0.60416666666666663-0.58333333333333337
-0.56250000000000000-0.54166666666666663-0.52083333333333337-0.50000000000000000
-0.47916666666666669-0.45833333333333331-0.43750000000000000-0.41666666666666669
-0.39583333333333331-0.37500000000000000-0.35416666666666669-0.33333333333333331
-0.31250000000000000-0.29166666666666669-0.27083333333333331-0.25000000000000000
-0.22916666666666666-0.20833333333333334-0.18750000000000000-0.16666666666666666
-0.14583333333333334-0.12500000000000000-0.10416666666666667-0.08333333333333333
-0.06250000000000000-0.04166666666666666-0.02083333333333333 0.00000000000000000
 0.02083333333333333 0.04166666666666666 0.06250000000000000 0.08333333333333333
 0.10416666666666667 0.12500000000000000 0.14583333333333334 0.16666666666666666
 0.18750000000000000 0.20833333333333334 0.22916666666666666 0.25000000000000000
 0.27083333333333331 0.29166666666666669 0.31250000000000000 0.33333333333333331
 0.35416666666666669 0.37500000000000000 0.39583333333333331 0.41666666666666669
 0.43750000000000000 0.45833333333333331 0.47916666666666669 0.50000000000000000
 0.52083333333333337 0.54166666666666663 0.56250000000000000 0.58333333333333337
 0.60416666666666663 0.62500000000000000 0.64583333333333337 0.66666666666666663
 0.68750000000000000 0.70833333333333337 0.72916666666666663 0.75000000000000000
 0.77083333333333337 0.79166666666666663 0.81250000000000000 0.83333333333333337
 0.85416666666666663 0.87500000000000000 0.89583333333333337 0.91666666666666663
 0.93750000000000000 0.95833333333333337 0.97916666666666663 1.00000000000000000
-0.97916666666666663-0.95833333333333337-0.93750000000000000-0.91666666666666663
-0.89583333333333337-0.87500000000000000-0.85416666666666663-0.83333333333333337
-0.81250000000000000-0.79166666666666663-0.77083333333333337-0.75000000000000000
-0.72916666666666663-0.70833333333333337-0.68750000000000000-0.66666666666666663
-0.64583333333333337-0.62500000000000000-0.60416666666666663-0.58333333333333337
-0.56250000000000000-0.54166666666666663-0.52083333333333337-0.50000000000000000
-0.47916666666666669-0.45833333333333331-0.43750000000000000-0.41666666666666669
-0.39583333333333331-0.37500000000000000-0.35416666666666669-0.33333333333333331
-0.31250000000000000-0.29166666666666669-0.27083333333333331-0.25000000000000000
-0.22916666666666666-0.20833333333333334-0.18750000000000000-0.16666666666666666
-0.14583333333333334-0.12500000000000000-0.10416666666666667-0.08333333333333333
-0.06250000000000000-0.04166666666666666-0.02083333333333333 0.00000000000000000
 0.02083333333333333 0.04166666666666666 0.06250000000000000 0.08333333333333333
 0.10416666666666667 0.12500000000000000 0.14583333333333334 0.16666666666666666
 0.18750000000000000 0.20833333333333334 0.22916666666666666 0.25000000000000000
 0.27083333333333331 0.29166666666666669 0.31250000000000000 0.33333333333333331
 0.35416666666666669 0.37500000000000000 0.39583333333333331 0.41666666666666669
 0.43750000000000000 0.45833333333333331 0.47916666666666669 0.50000000000000000
 0.52083333333333337 0.54166666666666663 0.56250000000000000 0.58333333333333337
 0.60416666666666663 0.62500000000000000 0.64583333333333337 0.66666666666666663
 0.68750000000000000 0.70833333333333337 0.72916666666666663 0.75000000000000000
 0.77083333333333337 0.79166666666666663 0.81250000000000000 0.83333333333333337
 0.85416666666666663 0.87500000000000000 0.89583333333333337 0.91666666666666663
 0.93750000000000000 0.95833333333333337 0.97916666666666663 1.00000000000000000
-0.97916666666666663-0.95833333333333337-0.93750000000000000-0.91666666666666663
-0.89583333333333337-0.87500000000000000-0.85416666666666663-0.83333333333333337
-0.81250000000000000-0.79166666666666663-0.77083333333333337-0.75000000000000000
-0.72916666666666663-0.70833333333333337-0.68750000000000000-0.66666666666666663
-0.64583333333333337-0.62500000000000000-0.60416666666666663-0.58333333333333337
-0.56250000000000000-0.54166666666666663-0.52083333333333337-0.50000000000000000
-0.47916666666666669-0.45833333333333331-0.43750000000000000-0.41666666666666669
-0.39583333333333331-0.37500000000000000-0.35416666666666669-0.33333333333333331
-0.31250000000000000-0.29166666666666669-0.27083333333333331-0.25000000000000000
-0.22916666666666666-0.20833333333333334-0.18750000000000000-0.16666666666666666
-0.14583333333333334-0.12500000000000000-0.10416666666666667-0.08333333333333333
-0.06250000000000000-0.04166666666666666-0.02083333333333333 0.00000000000000000
 0.02083333333333333 0.04166666666666666 0.06250000000000000 0.08333333333333333
 0.10416666666666667 0.12500000000000000 0.14583333333333334 0.16666666666666666
 0.18750000000000000 0.20833333333333334 0.22916666666666666 0.25000000000000000
 0.27083333333333331 0.29166666666666669 0.31250000000000000 0.33333333333333331
 0.35416666666666669 0.37500000000000000 0.39583333333333331 0.41666666666666669
 0.43750000000000000 0.45833333333333331 0.47916666666666669 0.50000000000000000
 0.52083333333333337 0.54166666666666663 0.56250000000000000 0.58333333333333337
 0.60416666666666663 0.62500000000000000 0.64583333333333337 0.66666666666666663
 0.68750000000000000 0.70833333333333337 0.72916666666666663 0.75000000000000000
 0.77083333333333337 0.79166666666666663 0.81250000000000000 0.83333333333333337
 0.85416666666666663 0.87500000000000000 0.89583333333333337 0.91666666666666663
 0.93750000000000000 0.95833333333333337 0.97916666666666663 1.00000000000000000
-0.97916666666666663-0.95833333333333337-0.93750000000000000-0.91666666666666663
-0.89583333333333337-0.87500000000000000-0.85416666666666663-0.83333333333333337
-0.81250000000000000-0.79166666666666663-0.77083333333333337-0.75000000000000000
-0.72916666666666663-0.70833333333333337-0.68750000000000000-0.66666666666666663
-0.64583333333333337-0.62500000000000000-0.60416666666666663-0.58333333333333337
-0.56250000000000000-0.54166666666666663-0.52083333333333337-0.50000000000000000
-0.47916666666666669-0.45833333333333331-0.43750000000000000-0.41666666666666669
-0.39583333333333331-0.37500000000000000-0.35416666666666669-0.33333333333333331
-0.31250000000000000-0.29166666666666669-0.27083333333333331-0.25000000000000000
-0.22916666666666666-0.20833333333333334-0.18750000000000000-0.16666666666666666
-0.14583333333333334-0.12500000000000000-0.10416666666666667-0.08333333333333333
-0.06250000000000000-0.04166666666666666-0.02083333333333333 0.00000000000000000
 0.02083333333333333 0.04166666666666666 0.06250000000000000 0.08333333333333333
 0.10416666666666667 0.12500000000000000 0.14583333333333334 0.16666666666666666
 0.18750000000000000 0.20833333333333334 0.22916666666666666 0.25000000000000000
 0.27083333333333331 0.29166666666666669 0.31250000000000000 0.33333333333333331
 0.35416666666666669 0.37500000000000000 0.39583333333333331 0.41666666666666669
 0.43750000000000000 0.45833333333333331 0.47916666666666669 0.50000000000000000
 0.52083333333333337 0.54166666666666663 0.56250000000000000 0.58333333333333337
 0.60416666666666663 0.62500000000000000 0.64583333333333337 0.66666666666666663
 0.68750000000000000 0.70833333333333337 0.72916666666666663 0.75000000000000000
 0.77083333333333337 0.79166666666666663 0.81250000000000000 0.83333333333333337
 0.85416666666666663 0.87500000000000000 0.89583333333333337 0.91666666666666663
 0.93750000000000000 0.95833333333333337 0.97916666666666663 1.00000000000000000
-0.97916666666666663-0.95833333333333337-0.93750000000000000-0.91666666666666663
-0.89583333333333337-0.87500000000000000-0.85416666666666663-0.83333333333333337
-0.81250000000000000-0.79166666666666663-0.77083333333333337-0.75000000000000000
-0.72916666666666663-0.70833333333333337-0.68750000000000000-0.66666666666666663
-0.64583333333333337-0.62500000000000000-0.60416666666666663-0.58333333333333337
-0.56250000000000000-0.54166666666666663-0.52083333333333337-0.50000000000000000
-0.47916666666666669-0.45833333333333331-0.43750000000000000-0.41666666666666669
-0.39583333333333331-0.37500000000000000-0.35416666666666669-0.33333333333333331
-0.31250000000000000-0.29166666666666669-0.27083333333333331-0.25000000000000000
-0.22916666666666666-0.20833333333333334-0.18750000000000000-0.16666666666666666
-0.14583333333333334-0.12500000000000000-0.10416666666666667-0.08333333333333333
-0.06250000000000000-0.04166666666666666-0.02083333333333333 0.00000000000000000
 0.02083333333333333 0.04166666666666666 0.06250000000000000 0.08333333333333333
 0.10416666666666667 0.12500000000000000 0.14583333333333334 0.16666666666666666
 0.18750000000000000 0.20833333333333334 0.22916666666666666 0.25000000000000000
 0.27083333333333331 0.29166666666666669 0.31250000000000000 0.33333333333333331
 0.35416666666666669 0.37500000000000000 0.39583333333333331 0.41666666666666669
 0.43750000000000000 0.45833333333333331 0.47916666666666669 0.50000000000000000
 0.52083333333333337 0.54166666666666663 0.56250000000000000 0.58333333333333337
 0.60416666666666663 0.62500000000000000 0.64583333333333337 0.66666666666666663
 0.68750000000000000 0.70833333333333337 0.72916666666666663 0.75000000000000000
 0.77083333333333337 0.79166666666666663 0.81250000000000000 0.83333333333333337
 0.85416666666666663 0.87500000000000000 0.89583333333333337 0.91666666666666663
 0.93750000000000000 0.95833333333333337 0.97916666666666663 1.00000000000000000
-0.97916666666666663-0.95833333333333337-0.93750000000000000-0.91666666666666663
-0.89583333333333337-0.87500000000000000-0.85416666666666663-0.83333333333333337
-0.81250000000000000-0.79166666666666663-0.77083333333333337-0.75000000000000000
-0.72916666666666663-0.70833333333333337-0.68750000000000000-0.66666666666666663
-0.64583333333333337-0.62500000000000000-0.60416666666666663-0.58333333333333337
-0.56250000000000000-0.54166666666666663-0.52083333333333337-0.50000000000000000
-0.47916666666666669-0.45833333333333331-0.43750000000000000-0.41666666666666669
-0.39583333333333331-0.37500000000000000-0.35416666666666669-0.33333333333333331
-0.31250000000000000-0.29166666666666669-0.27083333333333331-0.25000000000000000
-0.22916666666666666-0.20833333333333334-0.18750000000000000-0.16666666666666666
-0.14583333333333334-0.12500000000000000-0.10416666666666667-0.08333333333333333
-0.06250000000000000-0.04166666666666666-0.02083333333333333 0.00000000000000000
 0.02083333333333333 0.04166666666666666 0.06250000000000000 0.08333333333333333
 0.10416666666666667 0.12500000000000000 0.14583333333333334 0.16666666666666666
 0.18750000000000000 0.20833333333333334 0.22916666666666666 0.25000000000000000
 0.27083333333333331 0.29166666666666669 0.31250000000000000 0.33333333333333331
 0.35416666666666669 0.37500000000000000 0.39583333333333331 0.41666666666666669
 0.43750000000000000 0.45833333333333331 0.47916666666666669 0.50000000000000000
 0.52083333333333337 0.54166666666666663 0.56250000000000000 0.58333333333333337
 0.60416666666666663 0.62500000000000000 0.64583333333333337 0.66666666666666663
 0.68750000000000000 0.70833333333333337 0.72916666666666663 0.75000000000000000
 0.77083333333333337 0.79166666666666663 0.81250000000000000 0.83333333333333337
 0.85416666666666663 0.87500000000000000 0.89583333333333337 0.91666666666666663
 0.93750000000000000 0.95833333333333337 0.97916666666666663 1.00000000000000000
-0.97916666666666663-0.95833333333333337-0.93750000000000000-0.91666666666666663
-0.89583333333333337-0.87500000000000000-0.85416666666666663-0.83333333333333337
-0.81250000000000000-0.79166666666666663-0.77083333333333337-0.75000000000000000
-0.72916666666666663-0.70833333333333337-0.68750000000000000-0.66666666666666663
-0.64583333333333337-0.62500000000000000-0.60416666666666663-0.58333333333333337
-0.56250000000000000-0.54166666666666663-0.52083333333333337-0.50000000000000000
-0.47916666666666669-0.45833333333333331-0.43750000000000000-0.41666666666666669
-0.39583333333333331-0.37500000000000000-0.35416666666666669-0.33333333333333331
-0.31250000000000000-0.29166666666666669-0.27083333333333331-0.25000000000000000
-0.22916666666666666-0.20833333333333334-0.18750000000000000-0.16666666666666666
-0.14583333333333334-0.12500000000000000-0.10416666666666667-0.08333333333333333
-0.06250000000000000-0.04166666666666666-0.02083333333333333 0.00000000000000000
 0.02083333333333333 0.04166666666666666 0.06250000000000000 0.08333333333333333
 0.10416666666666667 0.12500000000000000 0.14583333333333334 0.16666666666666666
 0.18750000000000000 0.20833333333333334 0.22916666666666666 0.25000000000000000
 0.27083333333333331 0.29166666666666669 0.31250000000000000 0.33333333333333331
 0.35416666666666669 0.37500000000000000 0.39583333333333331 0.41666666666666669
 0.43750000000000000 0.45833333333333331 0.47916666666666669 0.50000000000000000
 0.52083333333333337 0.54166666666666663 0.56250000000000000 0.58333333333333337
 0.60416666666666663 0.62500000000000000 0.64583333333333337 0.66666666666666663
 0.68750000000000000 0.70833333333333337 0.72916666666666663 0.75000000000000000
 0.77083333333333337 0.79166666666666663 0.81250000000000000 0.83333333333333337
 0.85416666666666663 0.87500000000000000 0.89583333333333337 0.91666666666666663
 0.93750000000000000 0.95833333333333337 0.97916666666666663 1.00000000000000000
-0.97916666666666663-0.95833333333333337-0.93750000000000000-0.91666666666666663
-0.89583333333333337-0.87500000000000000-0.85416666666666663-0.83333333333333337
-0.81250000000000000-0.79166666666666663-0.77083333333333337-0.75000000000000000
-0.72916666666666663-0.70833333333333337-0.68750000000000000-0.66666666666666663
-0.64583333333333337-0.62500000000000000-0.60416666666666663-0.58333333333333337
-0.56250000000000000-0.54166666666666663-0.52083333333333337-0.50000000000000000
-0.47916666666666669-0.45833333333333331-0.43750000000000000-0.41666666666666669
-0.39583333333333331-0.37500000000000000-0.35416666666666669-0.33333333333333331
-0.31250000000000000-0.29166666666666669-0.27083333333333331-0.25000000000000000
-0.22916666666666666-0.20833333333333334-0.18750000000000000-0.16666666666666666
-0.14583333333333334-0.12500000000000000-0.10416666666666667-0.08333333333333333
-0.06250000000000000-0.04166666666666666-0.02083333333333333 0.00000000000000000
 0.02083333333333333 0.04166666666666666 0.06250000000000000 0.08333333333333333
 0.10416666666666667 0.12500000000000000 0.14583333333333334 0.16666666666666666
 0.18750000000000000 0.20833333333333334 0.22916666666666666 0.25000000000000000
 0.27083333333333331 0.29166666666666669 0.31250000000000000 0.33333333333333331
 0.35416666666666669 0.37500000000000000 0.39583333333333331 0.41666666666666669
 0.43750000000000000 0.45833333333333331 0.47916666666666669 0.50000000000000000
 0.52083333333333337 0.54166666666666663 0.56250000000000000 0.58333333333333337
 0.60416666666666663 0.62500000000000000 0.64583333333333337 0.66666666666666663
 0.68750000000000000 0.70833333333333337 0.72916666666666663 0.75000000000000000
 0.77083333333333337 0.79166666666666663 0.81250000000000000 0.83333333333333337
 0.85416666666666663 0.87500000000000000 0.89583333333333337 0.91666666666666663
 0.93750000000000000 0.95833333333333337 0.97916666666666663 1.00000000000000000
-0.97916666666666663-0.95833333333333337-0.93750000000000000-0.91666666666666663
-0.89583333333333337-0.87500000000000000-0.85416666666666663-0.83333333333333337
-0.81250000000000000-0.79166666666666663-0.77083333333333337-0.75000000000000000
-0.72916666666666663-0.70833333333333337-0.68750000000000000-0.66666666666666663
-0.64583333333333337-0.62500000000000000-0.60416666666666663-0.58333333333333337
-0.56250000000000000-0.54166666666666663-0.52083333333333337-0.50000000000000000
-0.47916666666666669-0.45833333333333331-0.43750000000000000-0.41666666666666669
-0.39583333333333331-0.37500000000000000-0.35416666666666669-0.33333333333333331
-0.31250000000000000-0.29166666666666669-0.27083333333333331-0.25000000000000000
-0.22916666666666666-0.20833333333333334-0.18750000000000000-0.16666666666666666
-0.14583333333333334-0.12500000000000000-0.10416666666666667-0.08333333333333333
-0.06250000000000000-0.04166666666666666-0.02083333333333333 0.00000000000000000
 0.02083333333333333 0.04166666666666666 0.06250000000000000 0.08333333333333333
 0.10416666666666667 0.12500000000000000 0.14583333333333334 0.16666666666666666
 0.18750000000000000 0.20833333333333334 0.22916666666666666 0.25000000000000000
 0.27083333333333331 0.29166666666666669 0.31250000000000000 0.33333333333333331
 0.35416666666666669 0.37500000000000000 0.39583333333333331 0.41666666666666669
 0.43750000000000000 0.45833333333333331 0.47916666666666669 0.50000000000000000
 0.52083333333333337 0.54166666666666663 0.56250000000000000 0.58333333333333337
 0.60416666666666663 0.62500000000000000 0.64583333333333337 0.66666666666666663
 0.68750000000000000 0.70833333333333337 0.72916666666666663 0.75000000000000000
 0.77083333333333337 0.79166666666666663 0.81250000000000000 0.83333333333333337
 0.85416666666666663 0.87500000000000000 0.89583333333333337 0.91666666666666663
 0.93750000000000000 0.95833333333333337 0.97916666666666663 1.00000000000000000
 1.00000000000000000 0.00000000000000000 0.00000000000000000 0.00000000000000000
 0.00000000000000000 0.00000000000000000 0.00000000000000000 0.00000000000000000
 0.00000000000000000 0.00000000000000000
