  0.00000000000826323  0.00000000000927779  0.00000000001030058  0.00000000001133578
  0.00000000001279020  0.00000000001437718  0.00000000001585152  0.00000000001731281
  0.00000000001880345  0.00000000002043064  0.00000000002225263  0.00000000002435125
  0.00000000002651851  0.00000000002900572  0.00000000003169454  0.00000000003439027
  0.00000000003742432  0.00000000004123286  0.00000000004561605  0.00000000005080466
  0.00000000005739207  0.00000000006510048  0.00000000007345593  0.00000000008259541
  0.00000000009172639  0.00000000010212862  0.00000000011359178  0.00000000012792377
  0.00000000014326918  0.00000000015967644  0.00000000017761634  0.00000000019809102
  0.00000000021828813  0.00000000024523118  0.00000000027450772  0.00000000030450036
  0.00000000033730897  0.00000000037189797  0.00000000040876051  0.00000000045120772
  0.00000000049452162  0.00000000054007872  0.00000000058920633  0.00000000064164879
  0.00000000069275093  0.00000000074972371  0.00000000081712456  0.00000000089324366
  0.00000000097865777  0.00000000107455161  0.00000000118064761  0.00000000129168324
  0.00000000143429686  0.00000000161612722  0.00000000179721274  0.00000000202266110
  0.00000000225635984  0.00000000246640590  0.00000000267677825  0.00000000288381342
  0.00000000310983759  0.00000000339484675  0.00000000372594775  0.00000000410330597
  0.00000000448641933  0.00000000491746094  0.00000000535847674  0.00000000585004326
  0.00000000645202590  0.00000000707142969  0.00000000770249001  0.00000000840798721
  0.00000000920176215  0.00000001004423656  0.00000001102735198  0.00000001209141564
  0.00000001325091398  0.00000001446023117  0.00000001574629736  0.00000001707787135
  0.00000001861216148  0.00000002060797438  0.00000002299037799  0.00000002583486834
  0.00000003089931257  0.00000003726711467  0.00000004482193466  0.00000005391024386
  0.00000006530141703  0.00000008160040811  0.00000010679115250  0.00000015204155306
  0.00000023335296085  0.00000038536495192  0.00002717590977480  1.00000000000000000
  0.00000000029922283  0.00000000043911392  0.00000000051994428  0.00000000056929405
  0.00000000059054647  0.00000000062203759  0.00000000066133133  0.00000000069535372
  0.00000000072760411  0.00000000077249767  0.00000000081317468  0.00000000085562669
  0.00000000090328974  0.00000000095827758  0.00000000101566838  0.00000000106821440
  0.00000000111425229  0.00000000116038358  0.00000000120607740  0.00000000125350449
  0.00000000129659263  0.00000000134570368  0.00000000139721199  0.00000000144911782
  0.00000000150479470  0.00000000156383732  0.00000000162679278  0.00000000169514337
  0.00000000176936216  0.00000000184679311  0.00000000192786104  0.00000000201395184
  0.00000000210041386  0.00000000218979254  0.00000000228016731  0.00000000237018880
  0.00000000247570862  0.00000000258110295  0.00000000269106824  0.00000000280653644
  0.00000000293410331  0.00000000303934216  0.00000000315011422  0.00000000326308618
  0.00000000339185293  0.00000000353261093  0.00000000368856035  0.00000000384874941
  0.00000000402379629  0.00000000419840550  0.00000000441531632  0.00000000466835497
  0.00000000496528572  0.00000000525283987  0.00000000555161758  0.00000000588130641
  0.00000000627024961  0.00000000671638835  0.00000000720482013  0.00000000769938173
  0.00000000831441987  0.00000000892998635  0.00000000957586668  0.00000001030833884
  0.00000001118317394  0.00000001216244690  0.00000001314288693  0.00000001423115936
  0.00000001550327737  0.00000001697666219  0.00000001851383725  0.00000002017692003
  0.00000002199356278  0.00000002398898151  0.00000002633260050  0.00000002906166214
  0.00000003194464944  0.00000003510220466  0.00000003865764801  0.00000004252177343
  0.00000004811848467  0.00000005650326476  0.00000006642496768  0.00000007860208200
  0.00000009598714254  0.00000011542627309  0.00000014495733631  0.00000018127923696
  0.00000022891862729  0.00000030276304022  0.00000043646738089  0.00000066070121098
  0.00000119622718890  0.00000455997870924  0.00005735329459312  1.00000000000000000
  0.00000000000081989  0.00000000000204887  0.00000000000298539  0.00000000000335852
  0.00000000000370602  0.00000000000422471  0.00000000000473166  0.00000000000524121
  0.00000000000579416  0.00000000000632103  0.00000000000685807  0.00000000000738985
  0.00000000000794017  0.00000000000853940  0.00000000000920349  0.00000000000997255
  0.00000000001068138  0.00000000001146684  0.00000000001233429  0.00000000001328818
  0.00000000001428195  0.00000000001530227  0.00000000001684572  0.00000000001849397
  0.00000000002029109  0.00000000002234807  0.00000000002462112  0.00000000002682373
  0.00000000002913002  0.00000000003165392  0.00000000003432643  0.00000000003726583
  0.00000000004060261  0.00000000004409977  0.00000000004762542  0.00000000005136173
  0.00000000005592482  0.00000000006089228  0.00000000006565236  0.00000000007098345
  0.00000000007716550  0.00000000008349928  0.00000000009013616  0.00000000009772244
  0.00000000010589344  0.00000000011450665  0.00000000012427969  0.00000000013511815
  0.00000000014680987  0.00000000015895010  0.00000000017184045  0.00000000018560153
  0.00000000020021234  0.00000000021582647  0.00000000023465006  0.00000000025638854
  0.00000000027885983  0.00000000030689617  0.00000000034195564  0.00000000038033267
  0.00000000042212303  0.00000000046654522  0.00000000051555249  0.00000000057354263
  0.00000000064060662  0.00000000072012877  0.00000000080229900  0.00000000088670794
  0.00000000097688655  0.00000000107819926  0.00000000119185061  0.00000000131793447
  0.00000000147745739  0.00000000165622334  0.00000000187597795  0.00000000213944349
  0.00000000244277372  0.00000000278777005  0.00000000319218320  0.00000000369557025
  0.00000000432071815  0.00000000509922086  0.00000000609241393  0.00000000728301165
  0.00000000874029531  0.00000001038743002  0.00000001252901700  0.00000001548142109
  0.00000001961161055  0.00000002628854673  0.00000003679018231  0.00000005624600613
  0.00000009766954945  0.00000031132172115  0.00010201541627768  1.00000000000000000
 -0.00312591352486259  0.01287877546643421  0.02485624401829710  0.03776306938889913
  0.05069982642918426  0.06556684234089873  0.08038453770227480  0.09486953703852803
  0.10770568284569842  0.11951074793050981  0.13082372913838822  0.14160410314289831
  0.15288298570431921  0.16319849822936536  0.17299838988678157  0.18286699150327920
  0.19284344423775621  0.20360236644958354  0.21471681112666352  0.22544614405731150
  0.23617479044320683  0.24649939003073607  0.25478953195227338  0.26228664747221303
  0.27001190148761800  0.27758400109981740  0.28568849643775279  0.29373388113350374
  0.30160641813204064  0.30981540433776789  0.31967589119620521  0.33091788400670502
  0.34250067247390964  0.35421189257862212  0.36582835354884446  0.37770802107025803
  0.38949789031867882  0.40209945312105350  0.41483240256496778  0.42689826754543198
  0.43889637022476269  0.45028110736186827  0.46150845665388196  0.47128482647902703
  0.48001665700904328  0.48811172577171791  0.49637827607544316  0.50556374450247643
  0.51574272571440871  0.52688557518118162  0.53849380769658128  0.54970205446019149
  0.56054581071447862  0.57125859982332461  0.58238355596789304  0.59479129397829367
  0.60751735988425448  0.61996450223226529  0.63258818961328656  0.64482947329729612
  0.65629645539115034  0.66755512174487353  0.67869808748117555  0.68965940947184634
  0.69981321452793388  0.70997893563488546  0.72015061894578969  0.72961543294361009
  0.73843635642067407  0.74683743103818523  0.75490166597187924  0.76237344645453164
  0.77014557042990395  0.77839555955861972  0.78820598168597344  0.79783816521650064
  0.80689149758382195  0.81613431427497696  0.82569316374498769  0.83601166894355172
  0.84718254244109170  0.85918895017470664  0.87199745523221472  0.88484212961915942
  0.89627752982310838  0.90541936459547467  0.91361664848039426  0.92201579955156310
  0.93049818442687227  0.93892925083273016  0.94733509902632651  0.95631134519186933
  0.96629279301502424  0.97813789054801026  0.98886972206664370  1.00000000000000000
  0.98918733548944404  0.98922549677349880  0.98925972522789452  0.98929628627662158
  0.98936096696265563  0.98943399708205482  0.98950701145585529  0.98957627266347015
  0.98964033628889148  0.98969461866300923  0.98974861565355210  0.98980224909839543
  0.98986264144835434  0.98993060813507117  0.99000639358506626  0.99007713409567399
  0.99014382878531881  0.99021627749399643  0.99029367847543781  0.99037885473599552
  0.99046916037986288  0.99056128875492544  0.99064286575485505  0.99071433949859611
  0.99078033714301006  0.99084823700828084  0.99092330806782725  0.99100572579624324
  0.99109128017939174  0.99117624023922057  0.99125802207230596  0.99133755965725068
  0.99142345502013363  0.99151353878092230  0.99159889584177408  0.99167723770160499
  0.99175354813860317  0.99183538815912287  0.99192063929573626  0.99200611985146792
  0.99208359968020743  0.99217335707429588  0.99228107912618435  0.99239934102337213
  0.99252953806318123  0.99266078676666347  0.99278792406319305  0.99291302386215929
  0.99303741461723061  0.99315115783599484  0.99325315835399020  0.99335744539785176
  0.99346399703847454  0.99359602445125383  0.99372745007759755  0.99385420152825144
  0.99397957899818290  0.99410096950271898  0.99421605096873811  0.99433405386660700
  0.99445645055171850  0.99458023867349710  0.99470785822927310  0.99484331068930831
  0.99498788571403907  0.99513708960691194  0.99528997034569566  0.99544321206596476
  0.99559651446996633  0.99574631723415785  0.99589501095574207  0.99605183159831578
  0.99621041839014945  0.99636953154296759  0.99653278981988447  0.99670771523595914
  0.99687937692355999  0.99705161177301993  0.99722228759534226  0.99738074768563134
  0.99753593973622001  0.99769599729260394  0.99786615963655390  0.99803541639138349
  0.99821314876692302  0.99840090343919241  0.99859170270917019  0.99877883260421307
  0.99896171559674141  0.99913773672812645  0.99930350838463966  0.99945565641295053
  0.99960207369973308  0.99974114911281664  0.99987302395622102  1.00000000000000000
 -0.00319423477135816  0.01353852928830056  0.02580353823326611  0.03682741658089254
  0.04831954807227883  0.05838465660267807  0.06704594070968589  0.07486271898032787
  0.08293321223355690  0.09237788517973085  0.10261158449951543  0.11259652940266013
  0.12261848597814813  0.13227465303602245  0.14153641962326249  0.15065565502637104
  0.15995251417593734  0.16952815366105015  0.17920019206178209  0.18904411356831793
  0.19793430990503949  0.20712907445290651  0.21659066469209101  0.22600003867237023
  0.23528173891740789  0.24479322121687397  0.25515459138923718  0.26603887139565119
  0.27789814212777297  0.28999722594331129  0.30152907010878577  0.31240826749085443
  0.32316470808703002  0.33375540750007304  0.34457403443049278  0.35559670478021788
  0.36749121777720128  0.38027665981731223  0.39327144321610374  0.40482292881616272
  0.41533884896815554  0.42635201041661647  0.43770631470325538  0.44904005452461304
  0.46063483352210527  0.47274278150861848  0.48369053886760954  0.49345556156837783
  0.50314092989133963  0.51279044902538196  0.52408742734195668  0.53531667852777487
  0.54599564406580914  0.55579431850106864  0.56563057994331534  0.57627910681420713
  0.58759241128936157  0.59829008328461308  0.60842924266144749  0.61907128172739478
  0.63181918994366093  0.64500954185994008  0.65345275707831940  0.66111385076110429
  0.66940500067964070  0.67822908569529716  0.68678490649974955  0.69530817511744003
  0.70427580396109035  0.71391935064817380  0.72485922367578037  0.73536656029653735
  0.74543520682690878  0.75454349693652156  0.76255647260212545  0.77134499720205663
  0.78135851793623601  0.79226477674142881  0.80341334009857523  0.81414196464669564
  0.82509172827241906  0.83690442041089030  0.84866879542396734  0.86108151717378578
  0.87304421883608407  0.88502646695589027  0.89760992702140396  0.91099260779469837
  0.92411202491654310  0.93656137207781986  0.94894975397414016  0.96028577582626884
  0.97071071640059103  0.98049340676031327  0.99021554564130376  1.00000000000000000
  0.98863178727875578  0.98873041206188961  0.98880991354145442  0.98888930794664898
  0.98898686482912623  0.98908998520005909  0.98919215532436122  0.98929440008940484
  0.98939597069540319  0.98949456680664982  0.98959107592456785  0.98968379231419223
  0.98978187529377093  0.98988403913647205  0.99000182878235343  0.99011929408795452
  0.99023812695121849  0.99035680263507286  0.99047707854871436  0.99059704704868712
  0.99071519896143556  0.99083244271623661  0.99095198681097141  0.99107509942741123
  0.99119800631971677  0.99131500549150409  0.99142893242709251  0.99154167404015203
  0.99165911993900913  0.99177486802470516  0.99188544746277352  0.99199335207517303
  0.99210297841954431  0.99222194437592226  0.99234622261871808  0.99246578847092459
  0.99258076940916928  0.99269603486345226  0.99281483333355680  0.99292950691690018
  0.99304310052596978  0.99315499364080229  0.99326635802317431  0.99337799233487400
  0.99349244813571314  0.99361074992974652  0.99372575987676903  0.99384154081051379
  0.99396324439833350  0.99408851122003117  0.99421530187302543  0.99434384877487780
  0.99447247933427607  0.99459422933849206  0.99470240548422528  0.99481047821969348
  0.99491778126567942  0.99504009977576258  0.99516747516840143  0.99529418406836490
  0.99541850397769516  0.99552838776326547  0.99563758370040745  0.99574642797108592
  0.99585970644144950  0.99597742456375138  0.99609997418377505  0.99622386212442171
  0.99634042240664311  0.99646394798116700  0.99659962395792367  0.99673686720386645
  0.99687024832902327  0.99700826597817793  0.99711561881674782  0.99720931253025435
  0.99730580269286651  0.99738823869370430  0.99746990524058388  0.99754866236625650
  0.99763005319681652  0.99771385890020081  0.99779720845702491  0.99788328369980217
  0.99797031689178528  0.99806626634128481  0.99817798987693163  0.99827753672227926
  0.99836390182621659  0.99844542767539224  0.99852727535316810  0.99861472895380410
  0.99870636808919100  0.99879404438939101  0.99924219715901563  1.00000000000000000
 -0.00337078738144842  0.01676451220313894  0.03323261167595885  0.04914398881747958
  0.06521158694353521  0.08049163205049040  0.09649280631391913  0.11201478695019816
  0.12613253708411495  0.13958442838096866  0.15197343709161779  0.16441163424340471
  0.17679766131578337  0.18974709516573443  0.20310870586840063  0.21565281654485441
  0.22801993068491438  0.23932629630160723  0.25002449183709152  0.25984637347795891
  0.26947399687652324  0.27988389208318343  0.28999213364200338  0.30165846048794831
  0.31284885479777164  0.32282343608645053  0.33145276187747158  0.33849453755284337
  0.34534197001374817  0.35238840711716263  0.35916023115227669  0.36712832884179403
  0.37560987120237921  0.38493540789338027  0.39384323221934175  0.40329338390130898
  0.41256724728889466  0.42164933838332680  0.43018368449230732  0.43887019181079029
  0.44792741240702444  0.45705121173121371  0.46582831035801553  0.47426096527730571
  0.48263293265691026  0.49073819399635826  0.49872797349706699  0.50601156698019245
  0.51285534055747939  0.51931965303240224  0.52641189982441905  0.53420492315571888
  0.54251555096204207  0.55116861375907455  0.56050638183729251  0.57148372734097519
  0.58434030599852338  0.59679855568965667  0.60598564363736651  0.61249121472881696
  0.61842555013217138  0.62458962269716911  0.63059219956225931  0.63727543125002328
  0.64377900154617107  0.65037810362025406  0.65704379020622516  0.66329215225992644
  0.67008443193880540  0.67776035931201262  0.68613006845097069  0.69550108007928890
  0.70550437088952422  0.71503609120889222  0.72482308101458615  0.73574458594801118
  0.74790919943921608  0.76035034766816068  0.77406840870539562  0.78929949579532266
  0.80380536776930844  0.81681106963106975  0.82946334008038580  0.84187938171796561
  0.85410869094634467  0.86723207111248235  0.88085552448044646  0.89474943828581777
  0.90910061073250947  0.92454632853486585  0.94045939317118799  0.95509387224006903
  0.96845438061687061  0.97994948018049843  0.99040579970910558  1.00000000000000000
   25900.773595377828       -1.0000000000000000     
 T T T T T T T T T T T T T T T T T T T T T T T T T T T T T T T T T T T T T T T T T T T T T T T T T T T T T T T T T T T T T T T T F F F F F F F F F F F F F F F F F F F F F F F F F F F F F F F F F F F F F F F F F F F F F F F F F F F F F F F F F F F F F F F F
  <DiscreteSampler_grid>
  grouped_processes
  1 # 1 for a reference and 2 for a running grid.
  10 # Attribute 'min_bin_probing_points' of the grid.
  1 # Attribute 'grid_mode' of the grid. 1=='default',2=='initialization'
  0.0000000000000000 # Attribute 'small_contrib_threshold' of the grid.
  0.5000000000000000 # Attribute 'damping_power' of the grid.
 # binID   n_entries weight   weight_sqr   abs_weight
    10   10   3.395692435688730E+027   7.759906602700213E+055   3.395692435688730E+027
    16   10   3.345077552973755E+027   7.350935079528351E+055   3.345077552973755E+027
    22   10   3.395692435688729E+027   7.759906602700208E+055   3.395692435688729E+027
    28   10   3.345077552973756E+027   7.350935079528359E+055   3.345077552973756E+027
  </DiscreteSampler_grid>
