 &BCOMDT
 NPBC=41,
 PBC=
  1.0000E-03, 1.5000E-03, 2.0000E-03, 3.0000E-03, 4.0000E-03, 5.0000E-03,
  6.0000E-03, 8.0000E-03, 1.0000E-02, 1.5000E-02, 2.0000E-02, 3.0000E-02,
  4.0000E-02, 5.0000E-02, 6.0000E-02, 8.0000E-02, 1.0000E-01, 1.5000E-01,
  2.0000E-01, 3.0000E-01, 4.0000E-01, 5.0000E-01, 6.0000E-01, 8.0000E-01,
  1.0000E+00, 1.5000E+00, 2.0000E+00, 3.0000E+00, 4.0000E+00, 5.0000E+00,
  6.0000E+00, 8.0000E+00, 1.0000E+01, 1.5000E+01, 2.0000E+01, 3.0000E+01,
  4.0000E+01, 5.0000E+01, 6.0000E+01, 8.0000E+01, 1.0000E+02,
 BCOMP=
  8.4242E-02, 1.6503E-01, 2.4779E-01, 3.8218E-01, 4.6748E-01, 5.1874E-01,
  5.5031E-01, 5.8400E-01, 5.9928E-01, 6.0954E-01, 6.0680E-01, 5.9244E-01,
  5.7589E-01, 5.5969E-01, 5.4436E-01, 5.1660E-01, 4.9233E-01, 4.4346E-01,
  4.0644E-01, 3.5350E-01, 3.1678E-01, 2.8929E-01, 2.6764E-01, 2.3513E-01,
  2.1140E-01, 1.7180E-01, 1.4660E-01, 1.1530E-01, 9.6200E-02, 8.3080E-02,
  7.3430E-02, 6.0070E-02, 5.1160E-02, 3.7860E-02, 3.0390E-02, 2.2120E-02,
  1.7580E-02, 1.4670E-02, 1.2640E-02, 9.9720E-03, 8.2760E-03,
  6.7590E-02, 1.4195E-01, 2.3169E-01, 4.2298E-01, 5.9482E-01, 7.3277E-01,
  8.3846E-01, 9.7846E-01, 1.0587E+00, 1.1446E+00, 1.1679E+00, 1.1629E+00,
  1.1390E+00, 1.1111E+00, 1.0829E+00, 1.0299E+00, 9.8254E-01, 8.8598E-01,
  8.1236E-01, 7.0677E-01, 6.3342E-01, 5.7850E-01, 5.3522E-01, 4.7023E-01,
  4.2280E-01, 3.4360E-01, 2.9320E-01, 2.3070E-01, 1.9240E-01, 1.6620E-01,
  1.4690E-01, 1.2010E-01, 1.0230E-01, 7.5730E-02, 6.0780E-02, 4.4250E-02,
  3.5160E-02, 2.9350E-02, 2.5290E-02, 1.9940E-02, 1.6550E-02,
  3.5488E-01, 5.2727E-01, 6.3783E-01, 7.9699E-01, 9.3606E-01, 1.0634E+00,
  1.1768E+00, 1.3574E+00, 1.4826E+00, 1.6443E+00, 1.7023E+00, 1.7179E+00,
  1.6924E+00, 1.6558E+00, 1.6167E+00, 1.5404E+00, 1.4709E+00, 1.3277E+00,
  1.2178E+00, 1.0598E+00, 9.4994E-01, 8.6763E-01, 8.0275E-01, 7.0530E-01,
  6.3410E-01, 5.1540E-01, 4.3980E-01, 3.4600E-01, 2.8860E-01, 2.4920E-01,
  2.2030E-01, 1.8020E-01, 1.5350E-01, 1.1360E-01, 9.1170E-02, 6.6370E-02,
  5.2740E-02, 4.4030E-02, 3.7930E-02, 2.9920E-02, 2.4830E-02,
  3.1288E-01, 5.6752E-01, 7.9072E-01, 1.0997E+00, 1.2907E+00, 1.4312E+00,
  1.5482E+00, 1.7402E+00, 1.8882E+00, 2.1124E+00, 2.2101E+00, 2.2563E+00,
  2.2347E+00, 2.1928E+00, 2.1447E+00, 2.0475E+00, 1.9571E+00, 1.7683E+00,
  1.6227E+00, 1.4126E+00, 1.2663E+00, 1.1567E+00, 1.0702E+00, 9.4033E-01,
  8.4550E-01, 6.8720E-01, 5.8640E-01, 4.6130E-01, 3.8480E-01, 3.3230E-01,
  2.9370E-01, 2.4030E-01, 2.0460E-01, 1.5150E-01, 1.2160E-01, 8.8490E-02,
  7.0320E-02, 5.8700E-02, 5.0580E-02, 3.9890E-02, 3.3110E-02,
  2.8926E-01, 5.5370E-01, 8.2007E-01, 1.2639E+00, 1.5677E+00, 1.7731E+00,
  1.9237E+00, 2.1459E+00, 2.3119E+00, 2.5807E+00, 2.7135E+00, 2.7905E+00,
  2.7738E+00, 2.7273E+00, 2.6709E+00, 2.5533E+00, 2.4423E+00, 2.2086E+00,
  2.0273E+00, 1.7653E+00, 1.5826E+00, 1.4457E+00, 1.3377E+00, 1.1754E+00,
  1.0570E+00, 8.5890E-01, 7.3300E-01, 5.7670E-01, 4.8100E-01, 4.1540E-01,
  3.6720E-01, 3.0030E-01, 2.5580E-01, 1.8930E-01, 1.5190E-01, 1.1060E-01,
  8.7900E-02, 7.3370E-02, 6.3220E-02, 4.9860E-02, 4.1380E-02,
  2.5190E-01, 5.0012E-01, 7.7022E-01, 1.2782E+00, 1.6846E+00, 1.9840E+00,
  2.2021E+00, 2.4970E+00, 2.6966E+00, 3.0122E+00, 3.1817E+00, 3.3002E+00,
  3.2963E+00, 3.2499E+00, 3.1881E+00, 3.0537E+00, 2.9239E+00, 2.6471E+00,
  2.4309E+00, 2.1175E+00, 1.8987E+00, 1.7345E+00, 1.6050E+00, 1.4103E+00,
  1.2680E+00, 1.0310E+00, 8.7950E-01, 6.9200E-01, 5.7720E-01, 4.9850E-01,
  4.4060E-01, 3.6040E-01, 3.0690E-01, 2.2720E-01, 1.8230E-01, 1.3270E-01,
  1.0550E-01, 8.8050E-02, 7.5860E-02, 5.9830E-02, 4.9660E-02,
  2.5598E-01, 5.1980E-01, 8.1646E-01, 1.3920E+00, 1.8655E+00, 2.2253E+00,
  2.4939E+00, 2.8576E+00, 3.0932E+00, 3.4486E+00, 3.6446E+00, 3.8000E+00,
  3.8107E+00, 3.7662E+00, 3.7003E+00, 3.5507E+00, 3.4032E+00, 3.0845E+00,
  2.8339E+00, 2.4695E+00, 2.2146E+00, 2.0232E+00, 1.8722E+00, 1.6452E+00,
  1.4790E+00, 1.2020E+00, 1.0260E+00, 8.0730E-01, 6.7340E-01, 5.8150E-01,
  5.1400E-01, 4.2050E-01, 3.5810E-01, 2.6500E-01, 2.1270E-01, 1.5490E-01,
  1.2310E-01, 1.0270E-01, 8.8510E-02, 6.9800E-02, 5.7930E-02,
  2.2624E-01, 4.6973E-01, 7.5596E-01, 1.3516E+00, 1.8861E+00, 2.3226E+00,
  2.6647E+00, 3.1386E+00, 3.4390E+00, 3.8643E+00, 4.0919E+00, 4.2864E+00,
  4.3147E+00, 4.2748E+00, 4.2066E+00, 4.0439E+00, 3.8798E+00, 3.5205E+00,
  3.2361E+00, 2.8211E+00, 2.5303E+00, 2.3118E+00, 2.1394E+00, 1.8801E+00,
  1.6910E+00, 1.3740E+00, 1.1730E+00, 9.2260E-01, 7.6960E-01, 6.6460E-01,
  5.8740E-01, 4.8050E-01, 4.0930E-01, 3.0290E-01, 2.4310E-01, 1.7700E-01,
  1.4060E-01, 1.1740E-01, 1.0110E-01, 7.9770E-02, 6.6210E-02,
  2.0289E-01, 4.2700E-01, 6.9875E-01, 1.2929E+00, 1.8611E+00, 2.3544E+00,
  2.7618E+00, 3.3532E+00, 3.7352E+00, 4.2573E+00, 4.5240E+00, 4.7598E+00,
  4.8082E+00, 4.7752E+00, 4.7065E+00, 4.5330E+00, 4.3535E+00, 3.9552E+00,
  3.6374E+00, 3.1722E+00, 2.8457E+00, 2.6003E+00, 2.4064E+00, 2.1149E+00,
  1.9020E+00, 1.5460E+00, 1.3190E+00, 1.0380E+00, 8.6580E-01, 7.4770E-01,
  6.6090E-01, 5.4060E-01, 4.6040E-01, 3.4080E-01, 2.7350E-01, 1.9910E-01,
  1.5820E-01, 1.3210E-01, 1.1380E-01, 8.9750E-02, 7.4490E-02,
  1.8362E-01, 3.9018E-01, 6.4517E-01, 1.2206E+00, 1.7961E+00, 2.3199E+00,
  2.7738E+00, 3.4732E+00, 3.9486E+00, 4.6034E+00, 4.9260E+00, 5.2138E+00,
  5.2869E+00, 5.2644E+00, 5.1977E+00, 5.0166E+00, 4.8234E+00, 4.3880E+00,
  4.0377E+00, 3.5229E+00, 3.1609E+00, 2.8885E+00, 2.6734E+00, 2.3496E+00,
  2.1130E+00, 1.7180E+00, 1.4660E+00, 1.1530E+00, 9.6200E-01, 8.3080E-01,
  7.3430E-01, 6.0060E-01, 5.1160E-01, 3.7860E-01, 3.0390E-01, 2.2120E-01,
  1.7580E-01, 1.4670E-01, 1.2640E-01, 9.9720E-02, 8.2760E-02,
  4.8480E-01, 7.6131E-01, 1.0075E+00, 1.5074E+00, 2.0168E+00, 2.5033E+00,
  2.9464E+00, 3.6739E+00, 4.2032E+00, 4.9630E+00, 5.3348E+00, 5.6665E+00,
  5.7613E+00, 5.7488E+00, 5.6848E+00, 5.4970E+00, 5.2910E+00, 4.8194E+00,
  4.4371E+00, 3.8732E+00, 3.4759E+00, 3.1766E+00, 2.9402E+00, 2.5843E+00,
  2.3240E+00, 1.8890E+00, 1.6120E+00, 1.2690E+00, 1.0580E+00, 9.1380E-01,
  8.0770E-01, 6.6070E-01, 5.6270E-01, 4.1650E-01, 3.3430E-01, 2.4340E-01,
  1.9340E-01, 1.6140E-01, 1.3910E-01, 1.0970E-01, 9.1040E-02,
  6.2279E-01, 1.0231E+00, 1.3361E+00, 1.8414E+00, 2.3111E+00, 2.7618E+00,
  3.1826E+00, 3.9066E+00, 4.4670E+00, 5.3185E+00, 5.7408E+00, 6.1151E+00,
  6.2302E+00, 6.2278E+00, 6.1669E+00, 5.9738E+00, 5.7558E+00, 5.2494E+00,
  4.8357E+00, 4.2231E+00, 3.7906E+00, 3.4646E+00, 3.2069E+00, 2.8189E+00,
  2.5350E+00, 2.0610E+00, 1.7590E+00, 1.3840E+00, 1.1540E+00, 9.9690E-01,
  8.8110E-01, 7.2080E-01, 6.1390E-01, 4.5430E-01, 3.6470E-01, 2.6550E-01,
  2.1100E-01, 1.7610E-01, 1.5170E-01, 1.1970E-01, 9.9320E-02,
  6.3939E-01, 1.1099E+00, 1.5118E+00, 2.1197E+00, 2.6030E+00, 3.0414E+00,
  3.4482E+00, 4.1628E+00, 4.7397E+00, 5.6676E+00, 6.1423E+00, 6.5606E+00,
  6.6947E+00, 6.7020E+00, 6.6447E+00, 6.4474E+00, 6.2183E+00, 5.6781E+00,
  5.2334E+00, 4.5726E+00, 4.1051E+00, 3.7524E+00, 3.4735E+00, 3.0534E+00,
  2.7460E+00, 2.2320E+00, 1.9050E+00, 1.4990E+00, 1.2500E+00, 1.0800E+00,
  9.5450E-01, 7.8080E-01, 6.6500E-01, 4.9220E-01, 3.9510E-01, 2.8760E-01,
  2.2850E-01, 1.9080E-01, 1.6440E-01, 1.2960E-01, 1.0760E-01,
  6.1407E-01, 1.1158E+00, 1.5795E+00, 2.3136E+00, 2.8608E+00, 3.3161E+00,
  3.7231E+00, 4.4338E+00, 5.0202E+00, 6.0100E+00, 6.5375E+00, 7.0024E+00,
  7.1552E+00, 7.1718E+00, 7.1181E+00, 6.9175E+00, 6.6781E+00, 6.1053E+00,
  5.6303E+00, 4.9217E+00, 4.4193E+00, 4.0401E+00, 3.7400E+00, 3.2879E+00,
  2.9570E+00, 2.4040E+00, 2.0520E+00, 1.6140E+00, 1.3470E+00, 1.1630E+00,
  1.0280E+00, 8.4090E-01, 7.1620E-01, 5.3010E-01, 4.2550E-01, 3.0970E-01,
  2.4610E-01, 2.0550E-01, 1.7700E-01, 1.3960E-01, 1.1590E-01,
  5.7231E-01, 1.0699E+00, 1.5562E+00, 2.3853E+00, 3.0274E+00, 3.5377E+00,
  3.9696E+00, 4.6976E+00, 5.2971E+00, 6.3420E+00, 6.9231E+00, 7.4391E+00,
  7.6111E+00, 7.6371E+00, 7.5873E+00, 7.3843E+00, 7.1354E+00, 6.5313E+00,
  6.0263E+00, 5.2703E+00, 4.7333E+00, 4.3276E+00, 4.0064E+00, 3.5224E+00,
  3.1680E+00, 2.5760E+00, 2.1980E+00, 1.7300E+00, 1.4430E+00, 1.2460E+00,
  1.1010E+00, 9.0090E-01, 7.6730E-01, 5.6790E-01, 4.5580E-01, 3.3180E-01,
  2.6370E-01, 2.2010E-01, 1.8970E-01, 1.4960E-01, 1.2410E-01,
  5.3829E-01, 1.0391E+00, 1.5534E+00, 2.4691E+00, 3.1960E+00, 3.7661E+00,
  4.2308E+00, 4.9827E+00, 5.5922E+00, 6.6774E+00, 7.3060E+00, 7.8737E+00,
  8.0647E+00, 8.0993E+00, 8.0532E+00, 7.8482E+00, 7.5903E+00, 6.9557E+00,
  6.4214E+00, 5.6185E+00, 5.0470E+00, 4.6149E+00, 4.2727E+00, 3.7567E+00,
  3.3790E+00, 2.7470E+00, 2.3450E+00, 1.8450E+00, 1.5390E+00, 1.3290E+00,
  1.1750E+00, 9.6100E-01, 8.1850E-01, 6.0580E-01, 4.8620E-01, 3.5400E-01,
  2.8130E-01, 2.3480E-01, 2.0230E-01, 1.5950E-01, 1.3240E-01,
  5.0375E-01, 9.9556E-01, 1.5221E+00, 2.5014E+00, 3.3088E+00, 3.9495E+00,
  4.4630E+00, 5.2604E+00, 5.8871E+00, 7.0098E+00, 7.6826E+00, 8.3039E+00,
  8.5152E+00, 8.5585E+00, 8.5159E+00, 8.3091E+00, 8.0429E+00, 7.3790E+00,
  6.8158E+00, 5.9663E+00, 5.3605E+00, 4.9021E+00, 4.5388E+00, 3.9910E+00,
  3.5900E+00, 2.9190E+00, 2.4910E+00, 1.9600E+00, 1.6350E+00, 1.4120E+00,
  1.2480E+00, 1.0210E+00, 8.6960E-01, 6.4370E-01, 5.1660E-01, 3.7610E-01,
  2.9890E-01, 2.4950E-01, 2.1500E-01, 1.6950E-01, 1.4070E-01,
  4.6964E-01, 9.4210E-01, 1.4622E+00, 2.4662E+00, 3.3322E+00, 4.0463E+00,
  4.6245E+00, 5.5007E+00, 6.1610E+00, 7.3302E+00, 8.0475E+00, 8.7266E+00,
  8.9608E+00, 9.0134E+00, 8.9745E+00, 8.7667E+00, 8.4929E+00, 7.8005E+00,
  7.2090E+00, 6.3136E+00, 5.6737E+00, 5.1890E+00, 4.8049E+00, 4.2252E+00,
  3.8010E+00, 3.0900E+00, 2.6380E+00, 2.0760E+00, 1.7310E+00, 1.4950E+00,
  1.3220E+00, 1.0810E+00, 9.2080E-01, 6.8150E-01, 5.4700E-01, 3.9820E-01,
  3.1640E-01, 2.6420E-01, 2.2760E-01, 1.7950E-01, 1.4900E-01,
  7.8920E-01, 1.2706E+00, 1.7549E+00, 2.7022E+00, 3.5471E+00, 4.2702E+00,
  4.8745E+00, 5.7991E+00, 6.4815E+00, 7.6745E+00, 8.4228E+00, 9.1520E+00,
  9.4075E+00, 9.4683E+00, 9.4324E+00, 9.2228E+00, 8.9413E+00, 8.2211E+00,
  7.6017E+00, 6.6605E+00, 5.9867E+00, 5.4759E+00, 5.0708E+00, 4.4594E+00,
  4.0110E+00, 3.2620E+00, 2.7840E+00, 2.1910E+00, 1.8280E+00, 1.5780E+00,
  1.3950E+00, 1.1410E+00, 9.7190E-01, 7.1940E-01, 5.7740E-01, 4.2030E-01,
  3.3400E-01, 2.7880E-01, 2.4020E-01, 1.8950E-01, 1.5720E-01,
  9.9442E-01, 1.5680E+00, 2.0635E+00, 2.9820E+00, 3.8043E+00, 4.5221E+00,
  5.1390E+00, 6.1052E+00, 6.8136E+00, 8.0285E+00, 8.8009E+00, 9.5764E+00,
  9.8533E+00, 9.9221E+00, 9.8888E+00, 9.6770E+00, 9.3879E+00, 8.6406E+00,
  7.9935E+00, 7.0070E+00, 6.2994E+00, 5.7626E+00, 5.3366E+00, 4.6935E+00,
  4.2220E+00, 3.4330E+00, 2.9310E+00, 2.3060E+00, 1.9240E+00, 1.6610E+00,
  1.4690E+00, 1.2010E+00, 1.0230E+00, 7.5720E-01, 6.0780E-01, 4.4250E-01,
  3.5160E-01, 2.9350E-01, 2.5290E-01, 1.9940E-01, 1.6550E-01,
  9.7126E-01, 1.5700E+00, 2.0869E+00, 3.0320E+00, 3.8812E+00, 4.6274E+00,
  5.2769E+00, 6.3138E+00, 7.0769E+00, 8.3537E+00, 9.1618E+00, 9.9916E+00,
  1.0294E+01, 1.0373E+01, 1.0342E+01, 1.0129E+01, 9.8327E+00, 9.0587E+00,
  8.3846E+00, 7.3531E+00, 6.6119E+00, 6.0491E+00, 5.6023E+00, 4.9275E+00,
  4.4330E+00, 3.6050E+00, 3.0770E+00, 2.4210E+00, 2.0200E+00, 1.7440E+00,
  1.5420E+00, 1.2610E+00, 1.0740E+00, 7.9510E-01, 6.3820E-01, 4.6460E-01,
  3.6920E-01, 3.0820E-01, 2.6550E-01, 2.0940E-01, 1.7380E-01,
  9.3969E-01, 1.5499E+00, 2.0818E+00, 3.0511E+00, 3.9276E+00, 4.7022E+00,
  5.3822E+00, 6.4863E+00, 7.3093E+00, 8.6645E+00, 9.5124E+00, 1.0399E+01,
  1.0731E+01, 1.0820E+01, 1.0794E+01, 1.0579E+01, 1.0275E+01, 9.4756E+00,
  8.7748E+00, 7.6988E+00, 6.9241E+00, 6.3354E+00, 5.8679E+00, 5.1615E+00,
  4.6430E+00, 3.7760E+00, 3.2230E+00, 2.5370E+00, 2.1160E+00, 1.8280E+00,
  1.6150E+00, 1.3210E+00, 1.1250E+00, 8.3300E-01, 6.6850E-01, 4.8670E-01,
  3.8680E-01, 3.2280E-01, 2.7820E-01, 2.1940E-01, 1.8210E-01,
  9.0620E-01, 1.5196E+00, 2.0594E+00, 3.0407E+00, 3.9359E+00, 4.7343E+00,
  5.4417E+00, 6.6102E+00, 7.4974E+00, 8.9503E+00, 9.8459E+00, 1.0796E+01,
  1.1160E+01, 1.1263E+01, 1.1241E+01, 1.1026E+01, 1.0716E+01, 9.8911E+00,
  9.1641E+00, 8.0440E+00, 7.2361E+00, 6.6215E+00, 6.1334E+00, 5.3954E+00,
  4.8540E+00, 3.9480E+00, 3.3700E+00, 2.6520E+00, 2.2120E+00, 1.9110E+00,
  1.6890E+00, 1.3810E+00, 1.1770E+00, 8.7080E-01, 6.9890E-01, 5.0880E-01,
  4.0430E-01, 3.3750E-01, 2.9080E-01, 2.2940E-01, 1.9040E-01,
  7.3772E-01, 1.2867E+00, 1.8178E+00, 2.8316E+00, 3.7622E+00, 4.5999E+00,
  5.3510E+00, 6.6117E+00, 7.5850E+00, 9.1790E+00, 1.0144E+01, 1.1174E+01,
  1.1578E+01, 1.1698E+01, 1.1684E+01, 1.1469E+01, 1.1154E+01, 1.0305E+01,
  9.5523E+00, 8.3886E+00, 7.5477E+00, 6.9075E+00, 6.3987E+00, 5.6292E+00,
  5.0650E+00, 4.1190E+00, 3.5160E+00, 2.7670E+00, 2.3080E+00, 1.9940E+00,
  1.7620E+00, 1.4410E+00, 1.2280E+00, 9.0870E-01, 7.2930E-01, 5.3100E-01,
  4.2190E-01, 3.5220E-01, 3.0340E-01, 2.3930E-01, 1.9860E-01,
  8.4255E-01, 1.4514E+00, 1.9980E+00, 2.9888E+00, 3.9038E+00, 4.7356E+00,
  5.4858E+00, 6.7636E+00, 7.7746E+00, 9.4550E+00, 1.0467E+01, 1.1558E+01,
  1.1997E+01, 1.2134E+01, 1.2125E+01, 1.1911E+01, 1.1590E+01, 1.0718E+01,
  9.9397E+00, 8.7328E+00, 7.8590E+00, 7.1933E+00, 6.6639E+00, 5.8629E+00,
  5.2750E+00, 4.2910E+00, 3.6620E+00, 2.8820E+00, 2.4050E+00, 2.0770E+00,
  1.8360E+00, 1.5010E+00, 1.2790E+00, 9.4650E-01, 7.5970E-01, 5.5310E-01,
  4.3950E-01, 3.6690E-01, 3.1610E-01, 2.4930E-01, 2.0690E-01,
  8.1393E-01, 1.4193E+00, 1.9704E+00, 2.9734E+00, 3.9062E+00, 4.7600E+00,
  5.5328E+00, 6.8582E+00, 7.9210E+00, 9.7077E+00, 1.0778E+01, 1.1935E+01,
  1.2412E+01, 1.2567E+01, 1.2565E+01, 1.2352E+01, 1.2025E+01, 1.1130E+01,
  1.0326E+01, 9.0767E+00, 8.1701E+00, 7.4789E+00, 6.9289E+00, 6.0966E+00,
  5.4860E+00, 4.4620E+00, 3.8090E+00, 2.9980E+00, 2.5010E+00, 2.1600E+00,
  1.9090E+00, 1.5620E+00, 1.3300E+00, 9.8440E-01, 7.9010E-01, 5.7520E-01,
  4.5710E-01, 3.8150E-01, 3.2870E-01, 2.5930E-01, 2.1520E-01,
  7.8689E-01, 1.3874E+00, 1.9414E+00, 2.9546E+00, 3.9029E+00, 4.7768E+00,
  5.5711E+00, 6.9409E+00, 8.0518E+00, 9.9451E+00, 1.1077E+01, 1.2304E+01,
  1.2820E+01, 1.2995E+01, 1.3002E+01, 1.2791E+01, 1.2458E+01, 1.1540E+01,
  1.0712E+01, 9.4201E+00, 8.4810E+00, 7.7643E+00, 7.1939E+00, 6.3302E+00,
  5.6960E+00, 4.6330E+00, 3.9550E+00, 3.1130E+00, 2.5970E+00, 2.2430E+00,
  1.9820E+00, 1.6220E+00, 1.3810E+00, 1.0220E+00, 8.2050E-01, 5.9730E-01,
  4.7470E-01, 3.9620E-01, 3.4140E-01, 2.6920E-01, 2.2350E-01,
  7.6132E-01, 1.3555E+00, 1.9099E+00, 2.9269E+00, 3.8832E+00, 4.7707E+00,
  5.5814E+00, 6.9896E+00, 8.1461E+00, 1.0151E+01, 1.1354E+01, 1.2658E+01,
  1.3218E+01, 1.3416E+01, 1.3433E+01, 1.3226E+01, 1.2889E+01, 1.1949E+01,
  1.1097E+01, 9.7629E+00, 8.7915E+00, 8.0495E+00, 7.4587E+00, 6.5638E+00,
  5.9060E+00, 4.8050E+00, 4.1020E+00, 3.2280E+00, 2.6930E+00, 2.3260E+00,
  2.0560E+00, 1.6820E+00, 1.4320E+00, 1.0600E+00, 8.5090E-01, 6.1950E-01,
  4.9220E-01, 4.1090E-01, 3.5400E-01, 2.7920E-01, 2.3170E-01,
  6.2411E-01, 1.1464E+00, 1.6793E+00, 2.7298E+00, 3.7220E+00, 4.6330E+00,
  5.4669E+00, 6.9320E+00, 8.1523E+00, 1.0299E+01, 1.1593E+01, 1.2992E+01,
  1.3604E+01, 1.3829E+01, 1.3859E+01, 1.3658E+01, 1.3317E+01, 1.2356E+01,
  1.1481E+01, 1.0105E+01, 9.1017E+00, 8.3345E+00, 7.7234E+00, 6.7972E+00,
  6.1170E+00, 4.9760E+00, 4.2480E+00, 3.3430E+00, 2.7890E+00, 2.4090E+00,
  2.1290E+00, 1.7420E+00, 1.4830E+00, 1.0980E+00, 8.8130E-01, 6.4160E-01,
  5.0980E-01, 4.2560E-01, 3.6670E-01, 2.8920E-01, 2.4000E-01,
  7.1445E-01, 1.2940E+00, 1.8461E+00, 2.8638E+00, 3.8253E+00, 4.7282E+00,
  5.5620E+00, 7.0318E+00, 8.2683E+00, 1.0494E+01, 1.1855E+01, 1.3331E+01,
  1.3988E+01, 1.4239E+01, 1.4282E+01, 1.4087E+01, 1.3743E+01, 1.2762E+01,
  1.1864E+01, 1.0447E+01, 9.4115E+00, 8.6193E+00, 7.9879E+00, 7.0306E+00,
  6.3270E+00, 5.1470E+00, 4.3940E+00, 3.4580E+00, 2.8850E+00, 2.4920E+00,
  2.2020E+00, 1.8020E+00, 1.5350E+00, 1.1360E+00, 9.1170E-01, 6.6370E-01,
  5.2740E-01, 4.4020E-01, 3.7930E-01, 2.9920E-01, 2.4830E-01,
  7.4984E-01, 1.3621E+00, 1.9533E+00, 3.0134E+00, 3.9708E+00, 4.8654E+00,
  5.6961E+00, 7.1671E+00, 8.4122E+00, 1.0696E+01, 1.2118E+01, 1.3668E+01,
  1.4370E+01, 1.4647E+01, 1.4703E+01, 1.4515E+01, 1.4168E+01, 1.3167E+01,
  1.2245E+01, 1.0788E+01, 9.7211E+00, 8.9039E+00, 8.2523E+00, 7.2638E+00,
  6.5370E+00, 5.3190E+00, 4.5400E+00, 3.5740E+00, 2.9810E+00, 2.5750E+00,
  2.2760E+00, 1.8620E+00, 1.5860E+00, 1.1740E+00, 9.4200E-01, 6.8580E-01,
  5.4500E-01, 4.5490E-01, 3.9200E-01, 3.0910E-01, 2.5660E-01,
  7.4577E-01, 1.3808E+00, 2.0079E+00, 3.1378E+00, 4.1257E+00, 5.0251E+00,
  5.8556E+00, 7.3284E+00, 8.5789E+00, 1.0908E+01, 1.2385E+01, 1.4005E+01,
  1.4748E+01, 1.5051E+01, 1.5121E+01, 1.4941E+01, 1.4591E+01, 1.3571E+01,
  1.2627E+01, 1.1129E+01, 1.0030E+01, 9.1883E+00, 8.5166E+00, 7.4970E+00,
  6.7470E+00, 5.4900E+00, 4.6870E+00, 3.6890E+00, 3.0770E+00, 2.6580E+00,
  2.3490E+00, 1.9220E+00, 1.6370E+00, 1.2120E+00, 9.7240E-01, 7.0790E-01,
  5.6260E-01, 4.6960E-01, 4.0460E-01, 3.1910E-01, 2.6480E-01,
  7.2293E-01, 1.3561E+00, 1.9962E+00, 3.1861E+00, 4.2346E+00, 5.1649E+00,
  6.0085E+00, 7.4933E+00, 8.7532E+00, 1.1121E+01, 1.2650E+01, 1.4338E+01,
  1.5123E+01, 1.5452E+01, 1.5537E+01, 1.5366E+01, 1.5013E+01, 1.3973E+01,
  1.3007E+01, 1.1469E+01, 1.0339E+01, 9.4725E+00, 8.7807E+00, 7.7302E+00,
  6.9570E+00, 5.6610E+00, 4.8330E+00, 3.8040E+00, 3.1740E+00, 2.7410E+00,
  2.4230E+00, 1.9820E+00, 1.6880E+00, 1.2490E+00, 1.0030E+00, 7.3010E-01,
  5.8010E-01, 4.8430E-01, 4.1720E-01, 3.2910E-01, 2.7310E-01,
  7.0693E-01, 1.3546E+00, 2.0242E+00, 3.2791E+00, 4.3811E+00, 5.3418E+00,
  6.1979E+00, 7.6896E+00, 8.9537E+00, 1.1348E+01, 1.2921E+01, 1.4672E+01,
  1.5497E+01, 1.5851E+01, 1.5950E+01, 1.5788E+01, 1.5433E+01, 1.4375E+01,
  1.3386E+01, 1.1809E+01, 1.0648E+01, 9.7566E+00, 9.0447E+00, 7.9632E+00,
  7.1680E+00, 5.8320E+00, 4.9790E+00, 3.9190E+00, 3.2700E+00, 2.8240E+00,
  2.4960E+00, 2.0420E+00, 1.7390E+00, 1.2870E+00, 1.0330E+00, 7.5220E-01,
  5.9770E-01, 4.9890E-01, 4.2990E-01, 3.3900E-01, 2.8140E-01,
  6.8635E-01, 1.3382E+00, 2.0276E+00, 3.3399E+00, 4.5005E+00, 5.5046E+00,
  6.3842E+00, 7.8920E+00, 9.1627E+00, 1.1581E+01, 1.3193E+01, 1.5005E+01,
  1.5867E+01, 1.6247E+01, 1.6361E+01, 1.6209E+01, 1.5852E+01, 1.4775E+01,
  1.3765E+01, 1.2149E+01, 1.0956E+01, 1.0040E+01, 9.3086E+00, 8.1962E+00,
  7.3780E+00, 6.0030E+00, 5.1260E+00, 4.0340E+00, 3.3660E+00, 2.9070E+00,
  2.5690E+00, 2.1020E+00, 1.7900E+00, 1.3250E+00, 1.0640E+00, 7.7430E-01,
  6.1530E-01, 5.1360E-01, 4.4250E-01, 3.4900E-01, 2.8970E-01,
  6.6197E-01, 1.3042E+00, 1.9949E+00, 3.3344E+00, 4.5481E+00, 5.6103E+00,
  6.5320E+00, 8.0782E+00, 9.3640E+00, 1.1812E+01, 1.3461E+01, 1.5335E+01,
  1.6235E+01, 1.6640E+01, 1.6769E+01, 1.6628E+01, 1.6269E+01, 1.5175E+01,
  1.4142E+01, 1.2488E+01, 1.1264E+01, 1.0324E+01, 9.5723E+00, 8.4291E+00,
  7.5880E+00, 6.1750E+00, 5.2720E+00, 4.1490E+00, 3.4620E+00, 2.9900E+00,
  2.6430E+00, 2.1620E+00, 1.8410E+00, 1.3630E+00, 1.0940E+00, 7.9640E-01,
  6.3290E-01, 5.2830E-01, 4.5520E-01, 3.5900E-01, 2.9790E-01,
  9.8847E-01, 1.6308E+00, 2.2913E+00, 3.5814E+00, 4.7693E+00, 5.8346E+00,
  6.7698E+00, 8.3300E+00, 9.6153E+00, 1.2069E+01, 1.3745E+01, 1.5669E+01,
  1.6604E+01, 1.7032E+01, 1.7176E+01, 1.7046E+01, 1.6686E+01, 1.5573E+01,
  1.4520E+01, 1.2826E+01, 1.1572E+01, 1.0608E+01, 9.8359E+00, 8.6620E+00,
  7.7980E+00, 6.3460E+00, 5.4180E+00, 4.2650E+00, 3.5580E+00, 3.0730E+00,
  2.7160E+00, 2.2220E+00, 1.8930E+00, 1.4010E+00, 1.1240E+00, 8.1850E-01,
  6.5050E-01, 5.4300E-01, 4.6780E-01, 3.6890E-01, 3.0620E-01,
  1.2230E+00, 1.9409E+00, 2.6044E+00, 3.8673E+00, 5.0266E+00, 6.0837E+00,
  7.0265E+00, 8.6012E+00, 9.8862E+00, 1.2340E+01, 1.4035E+01, 1.6006E+01,
  1.6972E+01, 1.7423E+01, 1.7582E+01, 1.7463E+01, 1.7101E+01, 1.5971E+01,
  1.4896E+01, 1.3164E+01, 1.1880E+01, 1.0891E+01, 1.0099E+01, 8.8947E+00,
  8.0070E+00, 6.5170E+00, 5.5640E+00, 4.3800E+00, 3.6540E+00, 3.1560E+00,
  2.7900E+00, 2.2820E+00, 1.9440E+00, 1.4390E+00, 1.1550E+00, 8.4070E-01,
  6.6800E-01, 5.5760E-01, 4.8050E-01, 3.7890E-01, 3.1450E-01,
  1.2397E+00, 2.0077E+00, 2.7003E+00, 3.9933E+00, 5.1706E+00, 6.2450E+00,
  7.2111E+00, 8.8289E+00, 1.0134E+01, 1.2606E+01, 1.4322E+01, 1.6340E+01,
  1.7338E+01, 1.7812E+01, 1.7985E+01, 1.7878E+01, 1.7516E+01, 1.6368E+01,
  1.5272E+01, 1.3502E+01, 1.2187E+01, 1.1174E+01, 1.0363E+01, 9.1274E+00,
  8.2170E+00, 6.6880E+00, 5.7110E+00, 4.4950E+00, 3.7500E+00, 3.2390E+00,
  2.8630E+00, 2.3420E+00, 1.9950E+00, 1.4770E+00, 1.1850E+00, 8.6280E-01,
  6.8560E-01, 5.7230E-01, 4.9310E-01, 3.8890E-01, 3.2280E-01,
  1.2269E+00, 2.0268E+00, 2.7478E+00, 4.0769E+00, 5.2784E+00, 6.3721E+00,
  7.3627E+00, 9.0323E+00, 1.0368E+01, 1.2869E+01, 1.4608E+01, 1.6671E+01,
  1.7702E+01, 1.8197E+01, 1.8386E+01, 1.8291E+01, 1.7928E+01, 1.6764E+01,
  1.5647E+01, 1.3839E+01, 1.2494E+01, 1.1457E+01, 1.0626E+01, 9.3600E+00,
  8.4270E+00, 6.8590E+00, 5.8570E+00, 4.6100E+00, 3.8460E+00, 3.3220E+00,
  2.9360E+00, 2.4020E+00, 2.0460E+00, 1.5140E+00, 1.2150E+00, 8.8490E-01,
  7.0320E-01, 5.8700E-01, 5.0580E-01, 3.9890E-01, 3.3100E-01,
  1.0548E+00, 1.8167E+00, 2.5456E+00, 3.9167E+00, 5.1706E+00, 6.3191E+00,
  7.3633E+00, 9.1283E+00, 1.0529E+01, 1.3101E+01, 1.4876E+01, 1.6993E+01,
  1.8058E+01, 1.8578E+01, 1.8782E+01, 1.8702E+01, 1.8339E+01, 1.7158E+01,
  1.6021E+01, 1.4176E+01, 1.2801E+01, 1.1740E+01, 1.0889E+01, 9.5926E+00,
  8.6370E+00, 7.0300E+00, 6.0030E+00, 4.7250E+00, 3.9420E+00, 3.4050E+00,
  3.0100E+00, 2.4620E+00, 2.0970E+00, 1.5520E+00, 1.2460E+00, 9.0700E-01,
  7.2080E-01, 6.0170E-01, 5.1840E-01, 4.0880E-01, 3.3930E-01,
  1.0241E+00, 1.7875E+00, 2.5235E+00, 3.9086E+00, 5.1767E+00, 6.3440E+00,
  7.4151E+00, 9.2477E+00, 1.0704E+01, 1.3342E+01, 1.5150E+01, 1.7317E+01,
  1.8415E+01, 1.8957E+01, 1.9177E+01, 1.9110E+01, 1.8749E+01, 1.7553E+01,
  1.6394E+01, 1.4512E+01, 1.3107E+01, 1.2022E+01, 1.1152E+01, 9.8250E+00,
  8.8460E+00, 7.2010E+00, 6.1490E+00, 4.8400E+00, 4.0390E+00, 3.4880E+00,
  3.0830E+00, 2.5220E+00, 2.1480E+00, 1.5900E+00, 1.2760E+00, 9.2920E-01,
  7.3840E-01, 6.1630E-01, 5.3100E-01, 4.1880E-01, 3.4760E-01,
  1.1425E+00, 1.9660E+00, 2.7210E+00, 4.1025E+00, 5.3610E+00, 6.5149E+00,
  7.5806E+00, 9.4354E+00, 1.0928E+01, 1.3610E+01, 1.5439E+01, 1.7646E+01,
  1.8774E+01, 1.9337E+01, 1.9571E+01, 1.9519E+01, 1.9158E+01, 1.7946E+01,
  1.6767E+01, 1.4848E+01, 1.3413E+01, 1.2304E+01, 1.1415E+01, 1.0057E+01,
  9.0560E+00, 7.3720E+00, 6.2950E+00, 4.9560E+00, 4.1350E+00, 3.5710E+00,
  3.1570E+00, 2.5820E+00, 2.1990E+00, 1.6280E+00, 1.3070E+00, 9.5130E-01,
  7.5590E-01, 6.3100E-01, 5.4370E-01, 4.2880E-01, 3.5590E-01,
  9.7204E-01, 1.7451E+00, 2.5120E+00, 3.9613E+00, 5.2754E+00, 6.4765E+00,
  7.5842E+00, 9.5156E+00, 1.1073E+01, 1.3844E+01, 1.5713E+01, 1.7968E+01,
  1.9127E+01, 1.9712E+01, 1.9962E+01, 1.9924E+01, 1.9566E+01, 1.8338E+01,
  1.7139E+01, 1.5184E+01, 1.3719E+01, 1.2587E+01, 1.1678E+01, 1.0290E+01,
  9.2660E+00, 7.5430E+00, 6.4410E+00, 5.0710E+00, 4.2310E+00, 3.6540E+00,
  3.2300E+00, 2.6420E+00, 2.2510E+00, 1.6660E+00, 1.3370E+00, 9.7340E-01,
  7.7350E-01, 6.4570E-01, 5.5630E-01, 4.3870E-01, 3.6420E-01,
  9.4479E-01, 1.7129E+00, 2.4843E+00, 3.9516E+00, 5.2837E+00, 6.5002E+00,
  7.6252E+00, 9.6054E+00, 1.1220E+01, 1.4078E+01, 1.5986E+01, 1.8289E+01,
  1.9479E+01, 2.0085E+01, 2.0350E+01, 2.0328E+01, 1.9972E+01, 1.8730E+01,
  1.7511E+01, 1.5519E+01, 1.4025E+01, 1.2869E+01, 1.1940E+01, 1.0522E+01,
  9.4750E+00, 7.7140E+00, 6.5870E+00, 5.1860E+00, 4.3270E+00, 3.7370E+00,
  3.3030E+00, 2.7020E+00, 2.3020E+00, 1.7040E+00, 1.3670E+00, 9.9550E-01,
  7.9110E-01, 6.6040E-01, 5.6900E-01, 4.4870E-01, 3.7240E-01,
  7.5464E-01, 1.4957E+00, 2.2940E+00, 3.8077E+00, 5.1559E+00, 6.3951E+00,
  7.5533E+00, 9.6121E+00, 1.1302E+01, 1.4281E+01, 1.6241E+01, 1.8601E+01,
  1.9825E+01, 2.0454E+01, 2.0734E+01, 2.0729E+01, 2.0376E+01, 1.9120E+01,
  1.7882E+01, 1.5853E+01, 1.4330E+01, 1.3150E+01, 1.2203E+01, 1.0754E+01,
  9.6850E+00, 7.8850E+00, 6.7340E+00, 5.3010E+00, 4.4230E+00, 3.8200E+00,
  3.3770E+00, 2.7620E+00, 2.3530E+00, 1.7420E+00, 1.3980E+00, 1.0180E+00,
  8.0870E-01, 6.7500E-01, 5.8160E-01, 4.5870E-01, 3.8070E-01,
  8.9217E-01, 1.6418E+00, 2.4095E+00, 3.8922E+00, 5.2476E+00, 6.4881E+00,
  7.6432E+00, 9.7146E+00, 1.1444E+01, 1.4511E+01, 1.6513E+01, 1.8921E+01,
  2.0174E+01, 2.0823E+01, 2.1118E+01, 2.1129E+01, 2.0779E+01, 1.9510E+01,
  1.8252E+01, 1.6187E+01, 1.4635E+01, 1.3432E+01, 1.2465E+01, 1.0986E+01,
  9.8940E+00, 8.0560E+00, 6.8800E+00, 5.4160E+00, 4.5190E+00, 3.9030E+00,
  3.4500E+00, 2.8220E+00, 2.4040E+00, 1.7790E+00, 1.4280E+00, 1.0400E+00,
  8.2630E-01, 6.8970E-01, 5.9430E-01, 4.6870E-01, 3.8900E-01,
  1.0037E+00, 1.8082E+00, 2.5854E+00, 4.0438E+00, 5.3950E+00, 6.6348E+00,
  7.7830E+00, 9.8494E+00, 1.1604E+01, 1.4749E+01, 1.6790E+01, 1.9242E+01,
  2.0524E+01, 2.1192E+01, 2.1501E+01, 2.1528E+01, 2.1181E+01, 1.9899E+01,
  1.8621E+01, 1.6521E+01, 1.4940E+01, 1.3713E+01, 1.2727E+01, 1.1218E+01,
  1.0100E+01, 8.2270E+00, 7.0260E+00, 5.5310E+00, 4.6150E+00, 3.9860E+00,
  3.5230E+00, 2.8820E+00, 2.4550E+00, 1.8170E+00, 1.4590E+00, 1.0620E+00,
  8.4380E-01, 7.0440E-01, 6.0690E-01, 4.7860E-01, 3.9730E-01,
  1.0396E+00, 1.8823E+00, 2.7021E+00, 4.2020E+00, 5.5599E+00, 6.8018E+00,
  7.9467E+00, 1.0005E+01, 1.1775E+01, 1.4991E+01, 1.7071E+01, 1.9566E+01,
  2.0874E+01, 2.1561E+01, 2.1883E+01, 2.1925E+01, 2.1582E+01, 2.0287E+01,
  1.8990E+01, 1.6855E+01, 1.5244E+01, 1.3995E+01, 1.2990E+01, 1.1450E+01,
  1.0310E+01, 8.3980E+00, 7.1720E+00, 5.6460E+00, 4.7110E+00, 4.0690E+00,
  3.5970E+00, 2.9420E+00, 2.5060E+00, 1.8550E+00, 1.4890E+00, 1.0840E+00,
  8.6140E-01, 7.1900E-01, 6.1950E-01, 4.8860E-01, 4.0550E-01,
  1.0393E+00, 1.9092E+00, 2.7700E+00, 4.3409E+00, 5.7281E+00, 6.9795E+00,
  8.1257E+00, 1.0179E+01, 1.1956E+01, 1.5235E+01, 1.7355E+01, 1.9892E+01,
  2.1226E+01, 2.1930E+01, 2.2265E+01, 2.2322E+01, 2.1982E+01, 2.0675E+01,
  1.9359E+01, 1.7188E+01, 1.5549E+01, 1.4276E+01, 1.3251E+01, 1.1682E+01,
  1.0520E+01, 8.5690E+00, 7.3180E+00, 5.7610E+00, 4.8070E+00, 4.1520E+00,
  3.6700E+00, 3.0030E+00, 2.5570E+00, 1.8930E+00, 1.5190E+00, 1.1060E+00,
  8.7900E-01, 7.3370E-01, 6.3220E-01, 4.9860E-01, 4.1380E-01,
  1.0161E+00, 1.8847E+00, 2.7634E+00, 4.4113E+00, 5.8604E+00, 7.1401E+00,
  8.2973E+00, 1.0355E+01, 1.2139E+01, 1.5477E+01, 1.7639E+01, 2.0218E+01,
  2.1577E+01, 2.2298E+01, 2.2645E+01, 2.2717E+01, 2.2381E+01, 2.1062E+01,
  1.9727E+01, 1.7520E+01, 1.5853E+01, 1.4556E+01, 1.3513E+01, 1.1914E+01,
  1.0730E+01, 8.7390E+00, 7.4640E+00, 5.8760E+00, 4.9030E+00, 4.2350E+00,
  3.7440E+00, 3.0630E+00, 2.6090E+00, 1.9310E+00, 1.5500E+00, 1.1280E+00,
  8.9660E-01, 7.4840E-01, 6.4480E-01, 5.0860E-01, 4.2210E-01,
  1.0051E+00, 1.8962E+00, 2.8089E+00, 4.5267E+00, 6.0286E+00, 7.3331E+00,
  8.4990E+00, 1.0557E+01, 1.2341E+01, 1.5724E+01, 1.7928E+01, 2.0548E+01,
  2.1930E+01, 2.2666E+01, 2.3025E+01, 2.3111E+01, 2.2779E+01, 2.1449E+01,
  2.0094E+01, 1.7853E+01, 1.6156E+01, 1.4837E+01, 1.3775E+01, 1.2145E+01,
  1.0940E+01, 8.9100E+00, 7.6100E+00, 5.9910E+00, 4.9990E+00, 4.3180E+00,
  3.8170E+00, 3.1230E+00, 2.6600E+00, 1.9690E+00, 1.5800E+00, 1.1500E+00,
  9.1410E-01, 7.6310E-01, 6.5750E-01, 5.1850E-01, 4.3040E-01,
  9.8783E-01, 1.8903E+00, 2.8292E+00, 4.6137E+00, 6.1780E+00, 7.5190E+00,
  8.7005E+00, 1.0764E+01, 1.2549E+01, 1.5972E+01, 1.8218E+01, 2.0878E+01,
  2.2283E+01, 2.3035E+01, 2.3405E+01, 2.3504E+01, 2.3176E+01, 2.1835E+01,
  2.0462E+01, 1.8185E+01, 1.6460E+01, 1.5118E+01, 1.4036E+01, 1.2377E+01,
  1.1150E+01, 9.0810E+00, 7.7560E+00, 6.1070E+00, 5.0950E+00, 4.4010E+00,
  3.8900E+00, 3.1830E+00, 2.7110E+00, 2.0070E+00, 1.6100E+00, 1.1720E+00,
  9.3170E-01, 7.7780E-01, 6.7010E-01, 5.2850E-01, 4.3860E-01,
  9.6294E-01, 1.8582E+00, 2.8011E+00, 4.6279E+00, 6.2650E+00, 7.6638E+00,
  8.8759E+00, 1.0960E+01, 1.2752E+01, 1.6215E+01, 1.8505E+01, 2.1208E+01,
  2.2636E+01, 2.3403E+01, 2.3783E+01, 2.3896E+01, 2.3572E+01, 2.2219E+01,
  2.0828E+01, 1.8516E+01, 1.6763E+01, 1.5398E+01, 1.4298E+01, 1.2608E+01,
  1.1360E+01, 9.2520E+00, 7.9020E+00, 6.2220E+00, 5.1910E+00, 4.4840E+00,
  3.9640E+00, 3.2430E+00, 2.7620E+00, 2.0440E+00, 1.6410E+00, 1.1950E+00,
  9.4930E-01, 7.9240E-01, 6.8280E-01, 5.3850E-01, 4.4690E-01,
  1.2984E+00, 2.1771E+00, 3.0879E+00, 4.8627E+00, 6.4896E+00, 7.9053E+00,
  9.1295E+00, 1.1212E+01, 1.2995E+01, 1.6475E+01, 1.8801E+01, 2.1543E+01,
  2.2992E+01, 2.3772E+01, 2.4162E+01, 2.4287E+01, 2.3968E+01, 2.2604E+01,
  2.1194E+01, 1.8848E+01, 1.7066E+01, 1.5678E+01, 1.4559E+01, 1.2840E+01,
  1.1570E+01, 9.4220E+00, 8.0480E+00, 6.3370E+00, 5.2870E+00, 4.5670E+00,
  4.0370E+00, 3.3030E+00, 2.8130E+00, 2.0820E+00, 1.6710E+00, 1.2170E+00,
  9.6690E-01, 8.0710E-01, 6.9540E-01, 5.4840E-01, 4.5520E-01,
  1.5651E+00, 2.4937E+00, 3.3965E+00, 5.1332E+00, 6.7383E+00, 8.1636E+00,
  9.3999E+00, 1.1483E+01, 1.3255E+01, 1.6741E+01, 1.9102E+01, 2.1881E+01,
  2.3350E+01, 2.4143E+01, 2.4542E+01, 2.4678E+01, 2.4362E+01, 2.2988E+01,
  2.1560E+01, 1.9179E+01, 1.7369E+01, 1.5958E+01, 1.4820E+01, 1.3071E+01,
  1.1780E+01, 9.5930E+00, 8.1940E+00, 6.4520E+00, 5.3830E+00, 4.6500E+00,
  4.1100E+00, 3.3630E+00, 2.8640E+00, 2.1200E+00, 1.7020E+00, 1.2390E+00,
  9.8450E-01, 8.2180E-01, 7.0800E-01, 5.5840E-01, 4.6350E-01,
  1.5882E+00, 2.5613E+00, 3.4884E+00, 5.2543E+00, 6.8799E+00, 8.3383E+00,
  9.6077E+00, 1.1723E+01, 1.3499E+01, 1.6999E+01, 1.9398E+01, 2.2218E+01,
  2.3708E+01, 2.4512E+01, 2.4920E+01, 2.5068E+01, 2.4756E+01, 2.3372E+01,
  2.1925E+01, 1.9509E+01, 1.7671E+01, 1.6238E+01, 1.5081E+01, 1.3302E+01,
  1.1990E+01, 9.7640E+00, 8.3400E+00, 6.5670E+00, 5.4790E+00, 4.7330E+00,
  4.1840E+00, 3.4230E+00, 2.9150E+00, 2.1580E+00, 1.7320E+00, 1.2610E+00,
  1.0020E+00, 8.3640E-01, 7.2070E-01, 5.6840E-01, 4.7170E-01,
  1.5660E+00, 2.5361E+00, 3.4634E+00, 5.2389E+00, 6.8774E+00, 8.3539E+00,
  9.6457E+00, 1.1800E+01, 1.3602E+01, 1.7157E+01, 1.9619E+01, 2.2517E+01,
  2.4044E+01, 2.4870E+01, 2.5290E+01, 2.5453E+01, 2.5146E+01, 2.3754E+01,
  2.2290E+01, 1.9840E+01, 1.7974E+01, 1.6517E+01, 1.5342E+01, 1.3533E+01,
  1.2190E+01, 9.9340E+00, 8.4860E+00, 6.6820E+00, 5.5760E+00, 4.8160E+00,
  4.2570E+00, 3.4830E+00, 2.9670E+00, 2.1960E+00, 1.7620E+00, 1.2830E+00,
  1.0200E+00, 8.5110E-01, 7.3330E-01, 5.7840E-01, 4.8000E-01,
  1.5289E+00, 2.4687E+00, 3.3856E+00, 5.1539E+00, 6.7860E+00, 8.2577E+00,
  9.5539E+00, 1.1740E+01, 1.3579E+01, 1.7219E+01, 1.9768E+01, 2.2776E+01,
  2.4357E+01, 2.5212E+01, 2.5650E+01, 2.5832E+01, 2.5533E+01, 2.4135E+01,
  2.2654E+01, 2.0169E+01, 1.8276E+01, 1.6797E+01, 1.5603E+01, 1.3764E+01,
  1.2400E+01, 1.0110E+01, 8.6320E+00, 6.7970E+00, 5.6720E+00, 4.8990E+00,
  4.3300E+00, 3.5430E+00, 3.0180E+00, 2.2340E+00, 1.7930E+00, 1.3050E+00,
  1.0370E+00, 8.6580E-01, 7.4600E-01, 5.8830E-01, 4.8830E-01,
  1.5134E+00, 2.4519E+00, 3.3686E+00, 5.1409E+00, 6.7778E+00, 8.2594E+00,
  9.5707E+00, 1.1788E+01, 1.3653E+01, 1.7346E+01, 1.9959E+01, 2.3056E+01,
  2.4681E+01, 2.5560E+01, 2.6013E+01, 2.6212E+01, 2.5920E+01, 2.4515E+01,
  2.3017E+01, 2.0499E+01, 1.8577E+01, 1.7076E+01, 1.5863E+01, 1.3995E+01,
  1.2610E+01, 1.0280E+01, 8.7780E+00, 6.9120E+00, 5.7680E+00, 4.9820E+00,
  4.4040E+00, 3.6030E+00, 3.0690E+00, 2.2710E+00, 1.8230E+00, 1.3270E+00,
  1.0550E+00, 8.8050E-01, 7.5860E-01, 5.9830E-01, 4.9660E-01,
  1.4978E+00, 2.4339E+00, 3.3495E+00, 5.1249E+00, 6.7663E+00, 8.2567E+00,
  9.5817E+00, 1.1828E+01, 1.3716E+01, 1.7460E+01, 2.0134E+01, 2.3325E+01,
  2.4998E+01, 2.5903E+01, 2.6372E+01, 2.6589E+01, 2.6304E+01, 2.4894E+01,
  2.3379E+01, 2.0828E+01, 1.8879E+01, 1.7355E+01, 1.6124E+01, 1.4226E+01,
  1.2820E+01, 1.0450E+01, 8.9230E+00, 7.0270E+00, 5.8640E+00, 5.0650E+00,
  4.4770E+00, 3.6630E+00, 3.1200E+00, 2.3090E+00, 1.8540E+00, 1.3500E+00,
  1.0720E+00, 8.9510E-01, 7.7130E-01, 6.0830E-01, 5.0480E-01,
  1.4820E+00, 2.4151E+00, 3.3286E+00, 5.1050E+00, 6.7487E+00, 8.2450E+00,
  9.5804E+00, 1.1852E+01, 1.3763E+01, 1.7559E+01, 2.0296E+01, 2.3585E+01,
  2.5309E+01, 2.6242E+01, 2.6728E+01, 2.6963E+01, 2.6686E+01, 2.5272E+01,
  2.3741E+01, 2.1156E+01, 1.9180E+01, 1.7634E+01, 1.6384E+01, 1.4457E+01,
  1.3030E+01, 1.0620E+01, 9.0690E+00, 7.1420E+00, 5.9600E+00, 5.1480E+00,
  4.5500E+00, 3.7230E+00, 3.1710E+00, 2.3470E+00, 1.8840E+00, 1.3720E+00,
  1.0900E+00, 9.0980E-01, 7.8390E-01, 6.1820E-01, 5.1310E-01,
  1.4665E+00, 2.3964E+00, 3.3078E+00, 5.0848E+00, 6.7314E+00, 8.2335E+00,
  9.5785E+00, 1.1874E+01, 1.3806E+01, 1.7650E+01, 2.0446E+01, 2.3834E+01,
  2.5612E+01, 2.6576E+01, 2.7079E+01, 2.7334E+01, 2.7066E+01, 2.5648E+01,
  2.4102E+01, 2.1485E+01, 1.9481E+01, 1.7912E+01, 1.6644E+01, 1.4687E+01,
  1.3240E+01, 1.0790E+01, 9.2150E+00, 7.2570E+00, 6.0560E+00, 5.2310E+00,
  4.6240E+00, 3.7830E+00, 3.2220E+00, 2.3850E+00, 1.9140E+00, 1.3940E+00,
  1.1080E+00, 9.2450E-01, 7.9650E-01, 6.2820E-01, 5.2140E-01,
  1.4691E+00, 2.4230E+00, 3.3395E+00, 5.1204E+00, 6.7800E+00, 8.3043E+00,
  9.6762E+00, 1.2010E+01, 1.3959E+01, 1.7824E+01, 2.0652E+01, 2.4111E+01,
  2.5931E+01, 2.6919E+01, 2.7437E+01, 2.7708E+01, 2.7447E+01, 2.6025E+01,
  2.4463E+01, 2.1813E+01, 1.9781E+01, 1.8190E+01, 1.6904E+01, 1.4918E+01,
  1.3450E+01, 1.0960E+01, 9.3610E+00, 7.3720E+00, 6.1520E+00, 5.3140E+00,
  4.6970E+00, 3.8430E+00, 3.2730E+00, 2.4230E+00, 1.9450E+00, 1.4160E+00,
  1.1250E+00, 9.3920E-01, 8.0920E-01, 6.3820E-01, 5.2970E-01,
  1.4550E+00, 2.4062E+00, 3.3209E+00, 5.1028E+00, 6.7687E+00, 8.3032E+00,
  9.6897E+00, 1.2056E+01, 1.4031E+01, 1.7942E+01, 2.0818E+01, 2.4367E+01,
  2.6238E+01, 2.7255E+01, 2.7790E+01, 2.8079E+01, 2.7826E+01, 2.6400E+01,
  2.4824E+01, 2.2140E+01, 2.0082E+01, 1.8469E+01, 1.7163E+01, 1.5148E+01,
  1.3650E+01, 1.1130E+01, 9.5070E+00, 7.4870E+00, 6.2480E+00, 5.3970E+00,
  4.7710E+00, 3.9030E+00, 3.3240E+00, 2.4610E+00, 1.9750E+00, 1.4380E+00,
  1.1430E+00, 9.5380E-01, 8.2180E-01, 6.4810E-01, 5.3800E-01,
  1.4214E+00, 2.3403E+00, 3.2446E+00, 5.0288E+00, 6.6972E+00, 8.2307E+00,
  9.6175E+00, 1.2002E+01, 1.4009E+01, 1.7989E+01, 2.0931E+01, 2.4591E+01,
  2.6526E+01, 2.7579E+01, 2.8135E+01, 2.8446E+01, 2.8202E+01, 2.6775E+01,
  2.5184E+01, 2.2467E+01, 2.0382E+01, 1.8747E+01, 1.7423E+01, 1.5379E+01,
  1.3860E+01, 1.1300E+01, 9.6530E+00, 7.6020E+00, 6.3440E+00, 5.4800E+00,
  4.8440E+00, 3.9630E+00, 3.3750E+00, 2.4980E+00, 2.0050E+00, 1.4600E+00,
  1.1600E+00, 9.6850E-01, 8.3450E-01, 6.5810E-01, 5.4620E-01,
  1.4070E+00, 2.3219E+00, 3.2229E+00, 5.0067E+00, 6.6787E+00, 8.2185E+00,
  9.6150E+00, 1.2023E+01, 1.4053E+01, 1.8081E+01, 2.1070E+01, 2.4825E+01,
  2.6818E+01, 2.7904E+01, 2.8480E+01, 2.8812E+01, 2.8577E+01, 2.7148E+01,
  2.5543E+01, 2.2794E+01, 2.0682E+01, 1.9024E+01, 1.7682E+01, 1.5609E+01,
  1.4070E+01, 1.1470E+01, 9.7980E+00, 7.7170E+00, 6.4400E+00, 5.5620E+00,
  4.9170E+00, 4.0230E+00, 3.4270E+00, 2.5360E+00, 2.0360E+00, 1.4820E+00,
  1.1780E+00, 9.8320E-01, 8.4710E-01, 6.6810E-01, 5.5450E-01,
  1.3929E+00, 2.3037E+00, 3.2016E+00, 4.9844E+00, 6.6601E+00, 8.2056E+00,
  9.6110E+00, 1.2040E+01, 1.4092E+01, 1.8164E+01, 2.1199E+01, 2.5048E+01,
  2.7102E+01, 2.8224E+01, 2.8820E+01, 2.9174E+01, 2.8949E+01, 2.7520E+01,
  2.5901E+01, 2.3121E+01, 2.0981E+01, 1.9302E+01, 1.7941E+01, 1.5839E+01,
  1.4280E+01, 1.1640E+01, 9.9440E+00, 7.8320E+00, 6.5360E+00, 5.6450E+00,
  4.9900E+00, 4.0830E+00, 3.4780E+00, 2.5740E+00, 2.0660E+00, 1.5040E+00,
  1.1950E+00, 9.9790E-01, 8.5980E-01, 6.7810E-01, 5.6280E-01,
  1.3791E+00, 2.2856E+00, 3.1800E+00, 4.9608E+00, 6.6384E+00, 8.1880E+00,
  9.5998E+00, 1.2047E+01, 1.4118E+01, 1.8235E+01, 2.1316E+01, 2.5262E+01,
  2.7380E+01, 2.8538E+01, 2.9157E+01, 2.9534E+01, 2.9319E+01, 2.7891E+01,
  2.6258E+01, 2.3447E+01, 2.1280E+01, 1.9579E+01, 1.8200E+01, 1.6069E+01,
  1.4490E+01, 1.1810E+01, 1.0090E+01, 7.9470E+00, 6.6320E+00, 5.7280E+00,
  5.0640E+00, 4.1430E+00, 3.5290E+00, 2.6120E+00, 2.0970E+00, 1.5260E+00,
  1.2130E+00, 1.0130E+00, 8.7240E-01, 6.8800E-01, 5.7110E-01,
  1.3657E+00, 2.2689E+00, 3.1606E+00, 4.9401E+00, 6.6207E+00, 8.1753E+00,
  9.5935E+00, 1.2058E+01, 1.4146E+01, 1.8305E+01, 2.1427E+01, 2.5466E+01,
  2.7650E+01, 2.8847E+01, 2.9489E+01, 2.9891E+01, 2.9687E+01, 2.8260E+01,
  2.6615E+01, 2.3772E+01, 2.1579E+01, 1.9856E+01, 1.8459E+01, 1.6299E+01,
  1.4690E+01, 1.1980E+01, 1.0240E+01, 8.0620E+00, 6.7280E+00, 5.8110E+00,
  5.1370E+00, 4.2030E+00, 3.5800E+00, 2.6500E+00, 2.1270E+00, 1.5490E+00,
  1.2310E+00, 1.0270E+00, 8.8500E-01, 6.9800E-01, 5.7930E-01,
  1.3780E+00, 2.3110E+00, 3.2090E+00, 4.9788E+00, 6.6565E+00, 8.2186E+00,
  9.6541E+00, 1.2153E+01, 1.4261E+01, 1.8445E+01, 2.1588E+01, 2.5695E+01,
  2.7933E+01, 2.9163E+01, 2.9826E+01, 3.0249E+01, 3.0055E+01, 2.8629E+01,
  2.6971E+01, 2.4097E+01, 2.1878E+01, 2.0133E+01, 1.8718E+01, 1.6529E+01,
  1.4900E+01, 1.2150E+01, 1.0380E+01, 8.1760E+00, 6.8240E+00, 5.8940E+00,
  5.2110E+00, 4.2630E+00, 3.6310E+00, 2.6880E+00, 2.1570E+00, 1.5710E+00,
  1.2480E+00, 1.0420E+00, 8.9770E-01, 7.0800E-01, 5.8760E-01,
  1.3681E+00, 2.3227E+00, 3.2333E+00, 5.0077E+00, 6.6894E+00, 8.2621E+00,
  9.7164E+00, 1.2256E+01, 1.4388E+01, 1.8599E+01, 2.1760E+01, 2.5928E+01,
  2.8217E+01, 2.9480E+01, 3.0163E+01, 3.0607E+01, 3.0422E+01, 2.8997E+01,
  2.7326E+01, 2.4422E+01, 2.2176E+01, 2.0410E+01, 1.8976E+01, 1.6758E+01,
  1.5110E+01, 1.2320E+01, 1.0530E+01, 8.2910E+00, 6.9190E+00, 5.9770E+00,
  5.2840E+00, 4.3230E+00, 3.6820E+00, 2.7260E+00, 2.1880E+00, 1.5930E+00,
  1.2660E+00, 1.0570E+00, 9.1030E-01, 7.1790E-01, 5.9590E-01,
  1.3483E+00, 2.3132E+00, 3.2302E+00, 5.0046E+00, 6.6914E+00, 8.2774E+00,
  9.7536E+00, 1.2344E+01, 1.4509E+01, 1.8755E+01, 2.1936E+01, 2.6161E+01,
  2.8501E+01, 2.9796E+01, 3.0499E+01, 3.0963E+01, 3.0788E+01, 2.9364E+01,
  2.7681E+01, 2.4746E+01, 2.2474E+01, 2.0686E+01, 1.9235E+01, 1.6988E+01,
  1.5320E+01, 1.2490E+01, 1.0670E+01, 8.4060E+00, 7.0160E+00, 6.0600E+00,
  5.3570E+00, 4.3830E+00, 3.7330E+00, 2.7640E+00, 2.2180E+00, 1.6150E+00,
  1.2830E+00, 1.0710E+00, 9.2300E-01, 7.2790E-01, 6.0420E-01,
  1.3247E+00, 2.2936E+00, 3.2131E+00, 4.9835E+00, 6.6750E+00, 8.2762E+00,
  9.7766E+00, 1.2422E+01, 1.4628E+01, 1.8915E+01, 2.2116E+01, 2.6393E+01,
  2.8783E+01, 3.0111E+01, 3.0834E+01, 3.1319E+01, 3.1153E+01, 2.9730E+01,
  2.8035E+01, 2.5070E+01, 2.2772E+01, 2.0962E+01, 1.9493E+01, 1.7217E+01,
  1.5520E+01, 1.2660E+01, 1.0820E+01, 8.5210E+00, 7.1120E+00, 6.1430E+00,
  5.4300E+00, 4.4430E+00, 3.7850E+00, 2.8010E+00, 2.2480E+00, 1.6370E+00,
  1.3010E+00, 1.0860E+00, 9.3560E-01, 7.3790E-01, 6.1240E-01,
  1.3006E+00, 2.2715E+00, 3.1945E+00, 4.9614E+00, 6.6520E+00, 8.2620E+00,
  9.7817E+00, 1.2484E+01, 1.4737E+01, 1.9076E+01, 2.2298E+01, 2.6626E+01,
  2.9065E+01, 3.0425E+01, 3.1168E+01, 3.1673E+01, 3.1516E+01, 3.0096E+01,
  2.8389E+01, 2.5394E+01, 2.3070E+01, 2.1238E+01, 1.9751E+01, 1.7446E+01,
  1.5730E+01, 1.2830E+01, 1.0960E+01, 8.6360E+00, 7.2070E+00, 6.2260E+00,
  5.5040E+00, 4.5030E+00, 3.8360E+00, 2.8390E+00, 2.2790E+00, 1.6590E+00,
  1.3180E+00, 1.1010E+00, 9.4830E-01, 7.4790E-01, 6.2070E-01,
  1.2780E+00, 2.2543E+00, 3.1897E+00, 4.9772E+00, 6.6816E+00, 8.3016E+00,
  9.8349E+00, 1.2578E+01, 1.4870E+01, 1.9253E+01, 2.2492E+01, 2.6863E+01,
  2.9347E+01, 3.0739E+01, 3.1502E+01, 3.2027E+01, 3.1879E+01, 3.0460E+01,
  2.8742E+01, 2.5717E+01, 2.3367E+01, 2.1514E+01, 2.0008E+01, 1.7676E+01,
  1.5940E+01, 1.3000E+01, 1.1110E+01, 8.7510E+00, 7.3030E+00, 6.3090E+00,
  5.5770E+00, 4.5630E+00, 3.8870E+00, 2.8770E+00, 2.3090E+00, 1.6810E+00,
  1.3360E+00, 1.1150E+00, 9.6090E-01, 7.5780E-01, 6.2900E-01,
  1.2554E+00, 2.2345E+00, 3.1806E+00, 4.9903E+00, 6.7110E+00, 8.3419E+00,
  9.8873E+00, 1.2669E+01, 1.5003E+01, 1.9434E+01, 2.2692E+01, 2.7101E+01,
  2.9630E+01, 3.1053E+01, 3.1835E+01, 3.2381E+01, 3.2242E+01, 3.0824E+01,
  2.9095E+01, 2.6040E+01, 2.3664E+01, 2.1790E+01, 2.0266E+01, 1.7905E+01,
  1.6150E+01, 1.3170E+01, 1.1250E+01, 8.8660E+00, 7.3990E+00, 6.3920E+00,
  5.6500E+00, 4.6230E+00, 3.9380E+00, 2.9150E+00, 2.3400E+00, 1.7030E+00,
  1.3540E+00, 1.1300E+00, 9.7350E-01, 7.6780E-01, 6.3730E-01,
  1.0908E+00, 2.0123E+00, 2.9570E+00, 4.7956E+00, 6.5340E+00, 8.1947E+00,
  9.7811E+00, 1.2651E+01, 1.5056E+01, 1.9579E+01, 2.2872E+01, 2.7330E+01,
  2.9906E+01, 3.1362E+01, 3.2165E+01, 3.2732E+01, 3.2602E+01, 3.1187E+01,
  2.9447E+01, 2.6363E+01, 2.3961E+01, 2.2065E+01, 2.0524E+01, 1.8134E+01,
  1.6360E+01, 1.3340E+01, 1.1400E+01, 8.9810E+00, 7.4950E+00, 6.4750E+00,
  5.7240E+00, 4.6830E+00, 3.9890E+00, 2.9530E+00, 2.3700E+00, 1.7260E+00,
  1.3710E+00, 1.1450E+00, 9.8620E-01, 7.7780E-01, 6.4550E-01,
  1.0687E+00, 1.9836E+00, 2.9287E+00, 4.7719E+00, 6.5114E+00, 8.1742E+00,
  9.7703E+00, 1.2684E+01, 1.5144E+01, 1.9744E+01, 2.3066E+01, 2.7564E+01,
  3.0183E+01, 3.1672E+01, 3.2495E+01, 3.3083E+01, 3.2962E+01, 3.1549E+01,
  2.9798E+01, 2.6685E+01, 2.4258E+01, 2.2340E+01, 2.0781E+01, 1.8363E+01,
  1.6560E+01, 1.3510E+01, 1.1550E+01, 9.0960E+00, 7.5910E+00, 6.5580E+00,
  5.7970E+00, 4.7430E+00, 4.0400E+00, 2.9910E+00, 2.4000E+00, 1.7480E+00,
  1.3890E+00, 1.1590E+00, 9.9880E-01, 7.8770E-01, 6.5380E-01,
  1.1867E+00, 2.1535E+00, 3.1053E+00, 4.9287E+00, 6.6643E+00, 8.3165E+00,
  9.8975E+00, 1.2806E+01, 1.5293E+01, 1.9944E+01, 2.3282E+01, 2.7808E+01,
  3.0465E+01, 3.1983E+01, 3.2827E+01, 3.3434E+01, 3.3321E+01, 3.1910E+01,
  3.0149E+01, 2.7007E+01, 2.4554E+01, 2.2615E+01, 2.1038E+01, 1.8591E+01,
  1.6770E+01, 1.3680E+01, 1.1690E+01, 9.2110E+00, 7.6870E+00, 6.6410E+00,
  5.8700E+00, 4.8030E+00, 4.0910E+00, 3.0280E+00, 2.4310E+00, 1.7700E+00,
  1.4060E+00, 1.1740E+00, 1.0120E+00, 7.9770E-01, 6.6210E-01,
  1.2282E+00, 2.2351E+00, 3.2304E+00, 5.0952E+00, 6.8342E+00, 8.4793E+00,
  1.0048E+01, 1.2946E+01, 1.5452E+01, 2.0151E+01, 2.3504E+01, 2.8055E+01,
  3.0748E+01, 3.2295E+01, 3.3158E+01, 3.3785E+01, 3.3680E+01, 3.2271E+01,
  3.0500E+01, 2.7329E+01, 2.4850E+01, 2.2890E+01, 2.1295E+01, 1.8820E+01,
  1.6980E+01, 1.3850E+01, 1.1840E+01, 9.3250E+00, 7.7830E+00, 6.7230E+00,
  5.9440E+00, 4.8630E+00, 4.1420E+00, 3.0660E+00, 2.4610E+00, 1.7920E+00,
  1.4240E+00, 1.1890E+00, 1.0240E+00, 8.0770E-01, 6.7040E-01,
  1.2339E+00, 2.2712E+00, 3.3101E+00, 5.2464E+00, 7.0090E+00, 8.6549E+00,
  1.0216E+01, 1.3101E+01, 1.5621E+01, 2.0367E+01, 2.3734E+01, 2.8307E+01,
  3.1032E+01, 3.2607E+01, 3.3489E+01, 3.4135E+01, 3.4039E+01, 3.2631E+01,
  3.0850E+01, 2.7650E+01, 2.5146E+01, 2.3165E+01, 2.1552E+01, 1.9049E+01,
  1.7180E+01, 1.4020E+01, 1.1980E+01, 9.4400E+00, 7.8790E+00, 6.8060E+00,
  6.0170E+00, 4.9230E+00, 4.1930E+00, 3.1040E+00, 2.4920E+00, 1.8140E+00,
  1.4410E+00, 1.2030E+00, 1.0370E+00, 8.1760E-01, 6.7860E-01,
  1.2141E+00, 2.2521E+00, 3.3133E+00, 5.3348E+00, 7.1539E+00, 8.8178E+00,
  1.0380E+01, 1.3261E+01, 1.5793E+01, 2.0588E+01, 2.3971E+01, 2.8563E+01,
  3.1317E+01, 3.2919E+01, 3.3820E+01, 3.4486E+01, 3.4397E+01, 3.2991E+01,
  3.1199E+01, 2.7971E+01, 2.5442E+01, 2.3439E+01, 2.1809E+01, 1.9277E+01,
  1.7390E+01, 1.4190E+01, 1.2130E+01, 9.5550E+00, 7.9750E+00, 6.8890E+00,
  6.0900E+00, 4.9830E+00, 4.2440E+00, 3.1420E+00, 2.5220E+00, 1.8360E+00,
  1.4590E+00, 1.2180E+00, 1.0490E+00, 8.2760E-01, 6.8690E-01,
  1.2100E+00, 2.2750E+00, 3.3740E+00, 5.4690E+00, 7.3350E+00, 9.0140E+00,
  1.0570E+01, 1.3440E+01, 1.5890E+01, 2.0820E+01, 2.4210E+01, 2.8820E+01,
  3.1600E+01, 3.3230E+01, 3.4150E+01, 3.4840E+01, 3.4750E+01, 3.3350E+01,
  3.1550E+01, 2.8290E+01, 2.5740E+01, 2.3710E+01, 2.2070E+01, 1.9510E+01,
  1.7600E+01, 1.4360E+01, 1.2270E+01, 9.6700E+00, 8.0710E+00, 6.9720E+00,
  6.1640E+00, 5.0430E+00, 4.2960E+00, 3.1800E+00, 2.5520E+00, 1.8580E+00,
  1.4770E+00, 1.2330E+00, 1.0620E+00, 8.3760E-01, 6.9520E-01,
  1.1980E+00, 2.2800E+00, 3.4090E+00, 5.5770E+00, 7.5040E+00, 9.2070E+00,
  1.0770E+01, 1.3630E+01, 1.6170E+01, 2.1050E+01, 2.4460E+01, 2.9080E+01,
  3.1890E+01, 3.3540E+01, 3.4480E+01, 3.5190E+01, 3.5110E+01, 3.3710E+01,
  3.1900E+01, 2.8610E+01, 2.6030E+01, 2.3990E+01, 2.2320E+01, 1.9730E+01,
  1.7810E+01, 1.4530E+01, 1.2420E+01, 9.7850E+00, 8.1670E+00, 7.0550E+00,
  6.2370E+00, 5.1030E+00, 4.3470E+00, 3.2180E+00, 2.5830E+00, 1.8800E+00,
  1.4940E+00, 1.2470E+00, 1.0750E+00, 8.4760E-01, 7.0350E-01,
  1.1763E+00, 2.2540E+00, 3.3894E+00, 5.6128E+00, 7.6183E+00, 9.3678E+00,
  1.0949E+01, 1.3817E+01, 1.6360E+01, 2.1280E+01, 2.4713E+01, 2.9349E+01,
  3.2180E+01, 3.3857E+01, 3.4813E+01, 3.5535E+01, 3.5468E+01, 3.4066E+01,
  3.2244E+01, 2.8933E+01, 2.6328E+01, 2.4262E+01, 2.2578E+01, 1.9962E+01,
  1.8010E+01, 1.4700E+01, 1.2560E+01, 9.8990E+00, 8.2630E+00, 7.1380E+00,
  6.3100E+00, 5.1630E+00, 4.3980E+00, 3.2550E+00, 2.6130E+00, 1.9020E+00,
  1.5120E+00, 1.2620E+00, 1.0870E+00, 8.5750E-01, 7.1180E-01,
  1.5160E+00, 2.5740E+00, 3.6780E+00, 5.8520E+00, 7.8570E+00, 9.6200E+00,
  1.1200E+01, 1.4050E+01, 1.6580E+01, 2.1530E+01, 2.4980E+00, 2.9620E+01,
  3.2470E+01, 3.4170E+01, 3.5140E+01, 3.5880E+01, 3.5820E+01, 3.4420E+01,
  3.2590E+01, 2.9250E+01, 2.6620E+01, 2.4540E+01, 2.2830E+01, 2.0190E+01,
  1.8220E+01, 1.4870E+01, 1.2710E+01, 1.0010E+01, 8.3590E+00, 7.2210E+00,
  6.3840E+00, 5.2230E+00, 4.4490E+00, 3.2930E+00, 2.6440E+00, 1.9250E+00,
  1.5290E+00, 1.2770E+00, 1.1000E+00, 8.6750E-01, 7.2000E-01,
  1.7980E+00, 2.8950E+00, 3.9890E+00, 6.1230E+00, 8.1160E+00, 9.8890E+00,
  1.1470E+01, 1.4300E+01, 1.6820E+01, 2.1780E+01, 2.5250E+01, 2.9900E+01,
  3.2760E+01, 3.4490E+01, 3.5480E+01, 3.6230E+01, 3.6180E+01, 3.4780E+01,
  3.2940E+01, 2.9570E+01, 2.6920E+01, 2.4810E+01, 2.3090E+01, 2.0420E+01,
  1.8420E+01, 1.5040E+01, 1.2860E+01, 1.0130E+01, 8.4540E+00, 7.3040E+00,
  6.4570E+00, 5.2830E+00, 4.5000E+00, 3.3310E+00, 2.6740E+00, 1.9470E+00,
  1.5470E+00, 1.2910E+00, 1.1130E+00, 8.7750E-01, 7.2830E-01,
  1.8370E+00, 2.9820E+00, 4.1010E+00, 6.2640E+00, 8.2810E+00, 1.0090E+01,
  1.1700E+01, 1.4530E+01, 1.7050E+01, 2.2030E+01, 2.5510E+01, 3.0180E+01,
  3.3060E+01, 3.4800E+01, 3.5810E+01, 3.6580E+01, 3.6540E+01, 3.5140E+01,
  3.3290E+01, 2.9890E+01, 2.7210E+01, 2.5080E+01, 2.3350E+01, 2.0650E+01,
  1.8630E+01, 1.5210E+01, 1.3000E+01, 1.0240E+01, 8.5500E+00, 7.3870E+00,
  6.5300E+00, 5.3430E+00, 4.5510E+00, 3.3690E+00, 2.7040E+00, 1.9690E+00,
  1.5650E+00, 1.3060E+00, 1.1250E+00, 8.8750E-01, 7.3660E-01,
  1.8515E+00, 3.0380E+00, 4.1839E+00, 6.3796E+00, 8.4213E+00, 1.0267E+01,
  1.1903E+01, 1.4758E+01, 1.7271E+01, 2.2277E+01, 2.5785E+01, 3.0457E+01,
  3.3354E+01, 3.5115E+01, 3.6138E+01, 3.6933E+01, 3.6892E+01, 3.5491E+01,
  3.3631E+01, 3.0211E+01, 2.7506E+01, 2.5356E+01, 2.3602E+01, 2.0875E+01,
  1.8840E+01, 1.5380E+01, 1.3150E+01, 1.0360E+01, 8.6460E+00, 7.4700E+00,
  6.6040E+00, 5.4030E+00, 4.6020E+00, 3.4070E+00, 2.7350E+00, 1.9910E+00,
  1.5820E+00, 1.3210E+00, 1.1380E+00, 8.9740E-01, 7.4490E-01,
  1.8040E+00, 2.9600E+00, 4.0990E+00, 6.3060E+00, 8.3550E+00, 1.0200E+01,
  1.1850E+01, 1.4740E+01, 1.7290E+01, 2.2400E+01, 2.5980E+01, 3.0700E+01,
  3.3620E+01, 3.5410E+01, 3.6460E+01, 3.7270E+01, 3.7240E+01, 3.5840E+01,
  3.3980E+01, 3.0530E+01, 2.7800E+01, 2.5630E+01, 2.3860E+01, 2.1100E+01,
  1.9050E+01, 1.5550E+01, 1.3290E+01, 1.0470E+01, 8.7420E+00, 7.5520E+00,
  6.6770E+00, 5.4630E+00, 4.6530E+00, 3.4450E+00, 2.7650E+00, 2.0130E+00,
  1.6000E+00, 1.3350E+00, 1.1500E+00, 9.0740E-01, 7.5310E-01,
  1.7887E+00, 2.9456E+00, 4.0882E+00, 6.3054E+00, 8.3627E+00, 1.0225E+01,
  1.1891E+01, 1.4813E+01, 1.7383E+01, 2.2551E+01, 2.6190E+01, 3.0956E+01,
  3.3904E+01, 3.5715E+01, 3.6777E+01, 3.7617E+01, 3.7595E+01, 3.6197E+01,
  3.4320E+01, 3.0848E+01, 2.8094E+01, 2.5903E+01, 2.4113E+01, 2.1330E+01,
  1.9250E+01, 1.5720E+01, 1.3440E+01, 1.0590E+01, 8.8380E+00, 7.6350E+00,
  6.7500E+00, 5.5230E+00, 4.7050E+00, 3.4820E+00, 2.7950E+00, 2.0350E+00,
  1.6170E+00, 1.3500E+00, 1.1630E+00, 9.1740E-01, 7.6140E-01,
  1.7790E+00, 2.9400E+00, 4.0860E+00, 6.3090E+00, 8.3700E+00, 1.0240E+01,
  1.1920E+01, 1.4870E+01, 1.7470E+01, 2.2700E+01, 2.6400E+01, 3.1210E+01,
  3.4180E+01, 3.6010E+01, 3.7100E+01, 3.7960E+01, 3.7950E+01, 3.6550E+01,
  3.4660E+01, 3.1170E+01, 2.8390E+01, 2.6180E+01, 2.4370E+01, 2.1560E+01,
  1.9460E+01, 1.5890E+01, 1.3580E+01, 1.0700E+01, 8.9340E+00, 7.7180E+00,
  6.8230E+00, 5.5830E+00, 4.7560E+00, 3.5200E+00, 2.8260E+00, 2.0570E+00,
  1.6350E+00, 1.3650E+00, 1.1760E+00, 9.2730E-01, 7.6970E-01,
  1.7619E+00, 2.9087E+00, 4.0535E+00, 6.2592E+00, 8.2896E+00, 1.0141E+01,
  1.1819E+01, 1.4796E+01, 1.7421E+01, 2.2755E+01, 2.6549E+01, 3.1437E+01,
  3.4441E+01, 3.6303E+01, 3.7407E+01, 3.8295E+01, 3.8292E+01, 3.6900E+01,
  3.5007E+01, 3.1483E+01, 2.8681E+01, 2.6448E+01, 2.4624E+01, 2.1786E+01,
  1.9660E+01, 1.6060E+01, 1.3730E+01, 1.0820E+01, 9.0300E+00, 7.8010E+00,
  6.8970E+00, 5.6430E+00, 4.8070E+00, 3.5580E+00, 2.8560E+00, 2.0790E+00,
  1.6520E+00, 1.3790E+00, 1.1890E+00, 9.3730E-01, 7.7800E-01,
  1.7470E+00, 2.8910E+00, 4.0370E+00, 6.2470E+00, 8.2800E+00, 1.0140E+01,
  1.1820E+01, 1.4820E+01, 1.7470E+01, 2.2860E+01, 2.6730E+01, 3.1680E+01,
  3.4710E+01, 3.6600E+01, 3.7720E+01, 3.8630E+01, 3.8640E+01, 3.7250E+01,
  3.5350E+01, 3.1800E+01, 2.8970E+01, 2.6720E+01, 2.4880E+01, 2.2010E+01,
  1.9870E+01, 1.6220E+01, 1.3870E+01, 1.0930E+01, 9.1260E+00, 7.8840E+00,
  6.9700E+00, 5.7030E+00, 4.8580E+00, 3.5960E+00, 2.8870E+00, 2.1020E+00,
  1.6700E+00, 1.3940E+00, 1.2010E+00, 9.4730E-01, 7.8620E-01,
  1.7440E+00, 2.9020E+00, 4.0550E+00, 6.2860E+00, 8.3440E+00, 1.0220E+01,
  1.1920E+00, 1.4940E+01, 1.7610E+01, 2.3050E+01, 2.6950E+01, 3.1940E+01,
  3.5000E+01, 3.6900E+01, 3.8040E+01, 3.8970E+01, 3.8990E+01, 3.7600E+01,
  3.5690E+01, 3.2120E+01, 2.9270E+01, 2.6990E+01, 2.5130E+01, 2.2240E+01,
  2.0080E+01, 1.6390E+01, 1.4020E+01, 1.1050E+01, 9.2220E+00, 7.9670E+00,
  7.0430E+00, 5.7630E+00, 4.9090E+00, 3.6340E+00, 2.9170E+00, 2.1240E+00,
  1.6880E+00, 1.4090E+00, 1.2140E+00, 9.5720E-01, 7.9450E-01,
  1.7310E+00, 2.8880E+00, 4.0420E+00, 6.2830E+00, 8.3550E+00, 1.0250E+01,
  1.1960E+01, 1.5020E+01, 1.7710E+01, 2.3210E+01, 2.7150E+01, 3.2200E+01,
  3.5280E+01, 3.7200E+01, 3.8360E+01, 3.9310E+01, 3.9340E+01, 3.7950E+01,
  3.6030E+01, 3.2430E+01, 2.9560E+01, 2.7270E+01, 2.5390E+01, 2.2470E+01,
  2.0280E+01, 1.6560E+01, 1.4160E+01, 1.1160E+01, 9.3170E+00, 8.0500E+00,
  7.1170E+00, 5.8230E+00, 4.9600E+00, 3.6720E+00, 2.9470E+00, 2.1460E+00,
  1.7050E+00, 1.4230E+00, 1.2260E+00, 9.6720E-01, 8.0280E-01,
  1.7010E+00, 2.8350E+00, 3.9830E+00, 6.2210E+00, 8.2990E+00, 1.0200E+01,
  1.1940E+01, 1.5030E+01, 1.7750E+01, 2.3320E+01, 2.7310E+01, 3.2440E+01,
  3.5550E+01, 3.7490E+01, 3.8670E+01, 3.9650E+01, 3.9690E+01, 3.8230E+01,
  3.6360E+01, 3.2740E+01, 2.9840E+01, 2.7530E+01, 2.5640E+01, 2.2690E+01,
  2.0490E+01, 1.6730E+01, 1.4310E+01, 1.1280E+01, 9.4130E+00, 8.1320E+00,
  7.1900E+00, 5.8830E+00, 5.0110E+00, 3.7100E+00, 2.9780E+00, 2.1680E+00,
  1.7230E+00, 1.4380E+00, 1.2390E+00, 9.7720E-01, 8.1110E-01,
  1.6860E+00, 2.8140E+00, 3.9600E+00, 6.2010E+00, 8.2890E+00, 1.0210E+01,
  1.1960E+01, 1.5070E+01, 1.7830E+01, 2.3450E+01, 2.7490E+01, 3.2680E+01,
  3.5820E+01, 3.7780E+01, 3.8980E+01, 3.9980E+01, 4.0030E+01, 3.8650E+01,
  3.6720E+01, 3.3070E+01, 3.0140E+01, 2.7810E+01, 2.5900E+01, 2.2920E+01,
  2.0700E+01, 1.6900E+01, 1.4450E+01, 1.1390E+01, 9.5090E+00, 8.2150E+00,
  7.2630E+00, 5.9430E+00, 5.0620E+00, 3.7470E+00, 3.0080E+00, 2.1900E+00,
  1.7400E+00, 1.4530E+00, 1.2520E+00, 9.8720E-01, 8.1930E-01,
  1.6700E+00, 2.7930E+00, 3.9360E+00, 6.1780E+00, 8.2760E+00, 1.0210E+01,
  1.1970E+01, 1.5110E+01, 1.7890E+01, 2.3570E+01, 2.7650E+01, 3.2920E+01,
  3.6090E+01, 3.8070E+01, 3.9290E+01, 4.0320E+01, 4.0370E+01, 3.9000E+01,
  3.7050E+01, 3.3380E+01, 3.0440E+01, 2.8080E+01, 2.6150E+01, 2.3150E+01,
  2.0900E+01, 1.7070E+01, 1.4600E+01, 1.1510E+01, 9.6050E+00, 8.2980E+00,
  7.3360E+00, 6.0030E+00, 5.1130E+00, 3.7850E+00, 3.0380E+00, 2.2120E+00,
  1.7580E+00, 1.4670E+00, 1.2640E+00, 9.9710E-01, 8.2760E-01,
 &END
