16      Number of Elements
 3    12    6.93900  5.3400E-01  Li
45   Number of energies, this element
1.0e+06   1.0136e+00   -2.7616e+01   4.1020e-03   4.3848e-15   1.3673e+02   2.2587e-10
7.0e+05   9.9359e-01   -2.6855e+01   3.9365e-03   8.7846e-15   1.3122e+02   4.5240e-10
5.0e+05   1.0330e+00   -2.6290e+01   3.7803e-03   1.6914e-14   1.2601e+02   8.7089e-10
3.0e+05   9.9441e-01   -2.5206e+01   3.5444e-03   4.5708e-14   2.3629e+02   2.3523e-09
2.0e+05   9.7224e-01   -2.4500e+01   3.3587e-03   1.0054e-13   2.2392e+02   5.1727e-09
1.0e+05   9.8173e-01   -2.3141e+01   3.0492e-03   3.8635e-13   2.0328e+02   1.9865e-08
7.0e+04   9.9618e-01   -2.2417e+01   2.8840e-03   7.7160e-13   1.9227e+02   3.9669e-08
5.0e+04   1.0070e+00   -2.1765e+01   4.5473e-03   1.4810e-12   1.8189e+02   7.6099e-08
3.0e+04   9.9814e-01   -2.0836e+01   4.1550e-03   3.9801e-12   1.6620e+02   2.0435e-07
2.0e+04   9.8853e-01   -1.9994e+01   3.8469e-03   8.7100e-12   1.5388e+02   4.4681e-07
1.0e+04   9.9626e-01   -1.8628e+01   3.3349e-03   3.3077e-11   1.3340e+02   1.6935e-06
7.0e+03   1.0082e+00   -1.7923e+01   4.2885e-03   6.5539e-11   1.2253e+02   3.3508e-06
5.0e+03   9.9639e-01   -1.7303e+01   3.9324e-03   1.2462e-10   1.1235e+02   3.4643e-06
3.0e+03   9.7227e-01   -1.6453e+01   3.3985e-03   3.2828e-10   9.7100e+01   9.1026e-06
2.0e+03   9.7836e-01   -1.5540e+01   2.9853e-03   7.0218e-10   8.5294e+01   1.9414e-05
1.0e+03   9.9791e-01   -1.4127e+01   3.3135e-03   2.5059e-09   6.6270e+01   4.7293e-05
7.0e+02   9.6536e-01   -1.3633e+01   2.8356e-03   4.7290e-09   5.6713e+01   8.8884e-05
5.0e+02   9.7616e-01   -1.2926e+01   2.4097e-03   8.4632e-09   4.8194e+01   1.5831e-04
3.0e+02   9.7558e-01   -1.1862e+01   3.6438e-03   1.9672e-08   3.6438e+01   2.2562e-04
2.0e+02   9.5814e-01   -1.1195e+01   2.8343e-03   7.3722e-08   2.8343e+01   4.2051e-04
1.0e+02   9.6794e-01   -9.8872e+00   2.6124e-03   1.8272e-07   1.7416e+01   9.8547e-04
7.0e+01   9.7726e-01   -9.2249e+00   1.9747e-03   2.6814e-07   1.3164e+01   1.5090e-03
5.0e+01   9.5634e-01   -8.6763e+00   2.4912e-03   6.0542e-07   9.9649e+00   1.5281e-03
3.0e+01   9.7950e-01   -7.6713e+00   2.2360e-03   1.7773e-06   6.3885e+00   3.9590e-03
2.0e+01   9.6523e-01   -6.9493e+00   2.2114e-03   2.6805e-06   4.4228e+00   4.0310e-03
1.0e+01   9.3035e-01   -5.7972e+00   3.4539e-03   1.0180e-05   2.3026e+00   7.6258e-03
7.0e+00   9.4616e-01   -5.0756e+00   2.4426e-03   2.7593e-05   1.6284e+00   1.0316e-02
5.0e+00   9.2527e-01   -4.5559e+00   1.7479e-03   3.6160e-05   1.1652e+00   1.3494e-02
3.0e+00   8.8228e-01   -3.9035e+00   1.7196e-03   7.9070e-05   6.8784e-01   1.9609e-02
2.0e+00   8.9445e-01   -3.2398e+00   2.2140e-03   1.7195e-04   4.4280e-01   1.7912e-02
1.0e+00   8.2833e-01   -2.3296e+00   1.9657e-03   5.0110e-04   1.9657e-01   2.5993e-02
7.0e-01   8.5020e-01   -1.7243e+00   3.1027e-03   1.1688e-03   1.2411e-01   3.0235e-02
5.0e-01   8.5174e-01   -1.3466e+00   1.9524e-03   1.3180e-03   7.8097e-02   3.4036e-02
3.0e-01   7.7873e-01   -8.1961e-01   1.2773e-03   2.2775e-03   3.6494e-02   3.9094e-02
2.0e-01   6.2964e-01   -1.1097e+00   9.5491e-04   4.1165e-03   1.9098e-02   2.5068e-02
1.0e-01   6.1305e-01   -3.7113e-01   6.2333e-04   6.3083e-03   6.2333e-03   2.7384e-02
7.0e-02   8.6237e-01   1.9475e+00   5.0167e-04   9.2914e-03   1.6722e-03   2.8178e-02
5.0e-02   6.4601e-01   9.7207e-01   2.7544e-04   1.4290e-02   1.8363e-03   4.8545e-02
3.0e-02   8.6953e-01   3.3021e+00   2.5402e-04   1.9526e-02   7.2576e-04   4.9601e-02
2.0e-02   7.5231e-01   3.0048e+00   1.7270e-04   2.9802e-02   3.4540e-04   5.0201e-02
1.0e-02   5.0095e-01   1.9592e+00   5.2642e-05   5.0988e-02   1.0528e-04   7.2154e-02
7.0e-03   0.0000e+00   -2.6215e+00   1.3885e-07   7.2697e-02   5.5539e-05   7.2697e-02
5.0e-03   5.3842e-01   3.3588e+00   1.5224e-05   7.3266e-02   3.0448e-05   1.0641e-01
3.0e-03   0.0000e+00   -1.7910e+00   1.2317e-07   1.6679e-01   1.2317e-05   1.6679e-01
2.0e-03   0.0000e+00   -1.7745e+00   1.5230e-07   1.6956e-01   6.0921e-06   1.6956e-01
 6    42   12.01115  2.2600E+00  C
45   Number of energies, this element
1.0e+06   9.4636e-01   -2.5462e+01   1.7946e-04   4.5429e-15   1.7946e+01   2.3398e-10
7.0e+05   9.4364e-01   -2.4786e+01   1.7270e-04   9.0994e-15   1.7270e+01   4.6854e-10
5.0e+05   9.5371e-01   -2.4102e+01   1.6632e-04   1.7518e-14   1.6632e+01   9.0186e-10
3.0e+05   9.9701e-01   -2.3111e+01   4.7006e-04   4.7318e-14   1.5669e+01   2.4351e-09
2.0e+05   9.8749e-01   -2.2355e+01   7.4550e-04   1.0407e-13   2.9820e+01   5.3540e-09
1.0e+05   1.0042e+00   -2.0925e+01   6.8227e-04   3.9985e-13   2.7291e+01   2.0560e-08
7.0e+04   9.8835e-01   -2.0364e+01   6.4850e-04   7.9857e-13   2.5940e+01   4.1059e-08
5.0e+04   1.0087e+00   -1.9614e+01   6.1668e-04   1.5331e-12   2.4667e+01   7.8777e-08
3.0e+04   9.3798e-01   -1.8764e+01   2.2741e-04   4.1216e-12   2.2741e+01   2.1169e-07
2.0e+04   1.0230e+00   -1.7839e+01   7.4295e-04   9.0257e-12   2.1227e+01   4.6335e-07
1.0e+04   9.9572e-01   -1.6543e+01   6.5473e-04   3.4370e-11   1.8707e+01   1.7621e-06
7.0e+03   9.9464e-01   -1.5872e+01   6.0775e-04   6.8278e-11   1.7364e+01   3.4970e-06
5.0e+03   9.6390e-01   -1.5262e+01   5.6362e-04   2.6047e-10   1.6103e+01   6.6628e-06
3.0e+03   9.6374e-01   -1.4317e+01   7.1012e-04   6.9151e-10   1.4202e+01   9.6120e-06
2.0e+03   9.5984e-01   -1.3442e+01   6.3589e-04   1.4935e-09   1.2718e+01   2.0726e-05
1.0e+03   9.6159e-01   -1.2138e+01   5.1438e-04   5.4801e-09   1.0288e+01   7.5680e-05
7.0e+02   9.6015e-01   -1.1420e+01   4.5153e-04   1.0568e-08   9.0306e+00   1.4541e-04
5.0e+02   9.4536e-01   -1.0824e+01   3.9414e-04   1.9418e-08   7.8827e+00   1.8301e-04
3.0e+02   9.8272e-01   -9.8470e+00   6.2367e-04   4.7558e-08   6.2367e+00   4.4524e-04
2.0e+02   9.8407e-01   -9.0241e+00   5.0433e-04   9.3805e-08   5.0433e+00   8.7208e-04
1.0e+02   9.6188e-01   -7.8658e+00   3.3156e-04   2.5727e-07   3.3156e+00   1.4004e-03
7.0e+01   9.4476e-01   -7.2218e+00   3.8753e-04   5.9873e-07   2.5835e+00   2.2637e-03
5.0e+01   9.5320e-01   -6.5715e+00   3.0082e-04   9.4385e-07   2.0055e+00   3.5499e-03
3.0e+01   9.4684e-01   -5.6407e+00   4.6410e-04   2.9369e-06   1.3260e+00   6.5761e-03
2.0e+01   9.0997e-01   -4.9762e+00   2.3370e-04   4.5902e-06   9.3481e-01   6.9220e-03
1.0e+01   9.1211e-01   -3.8243e+00   4.9656e-04   1.8160e-05   4.9656e-01   1.3624e-02
7.0e+00   9.2896e-01   -3.1243e+00   5.2983e-04   4.9842e-05   3.5322e-01   1.8652e-02
5.0e+00   9.3591e-01   -2.5185e+00   3.8050e-04   6.5824e-05   2.5366e-01   2.4581e-02
3.0e+00   9.1159e-01   -1.8681e+00   5.2571e-04   1.4487e-04   1.5020e-01   2.5213e-02
2.0e+00   8.4271e-01   -1.5149e+00   3.3883e-04   3.1571e-04   9.6810e-02   3.2890e-02
1.0e+00   9.5632e-01   3.2759e-02   6.4560e-04   6.4359e-04   4.3040e-02   4.7695e-02
7.0e-01   8.4114e-01   1.0621e-02   4.0820e-04   1.0696e-03   2.7214e-02   5.5362e-02
5.0e-01   8.8514e-01   7.4873e-01   4.2937e-04   2.4076e-03   1.7175e-02   6.2161e-02
3.0e-01   8.3686e-01   1.0896e+00   4.0427e-04   2.7823e-03   8.0854e-03   4.2476e-02
2.0e-01   6.4656e-01   4.4382e-01   1.4900e-04   4.5447e-03   4.2573e-03   4.6186e-02
1.0e-01   8.0816e-01   2.5362e+00   2.1022e-04   8.3622e-03   1.4014e-03   5.0883e-02
7.0e-02   4.8565e-01   5.9188e-01   3.7811e-05   1.2112e-02   7.5622e-04   5.2569e-02
5.0e-02   9.1015e-01   4.7482e+00   6.2654e-05   1.7753e-02   2.0885e-04   5.3837e-02
3.0e-02   5.8342e-01   2.4847e+00   2.5034e-05   2.7452e-02   1.6689e-04   9.3248e-02
2.0e-02   6.2118e-01   3.4949e+00   2.0067e-05   3.7353e-02   8.0266e-05   9.4897e-02
1.0e-02   5.0119e-01   3.3323e+00   1.2453e-05   9.7493e-02   2.4906e-05   1.3799e-01
7.0e-03   5.0129e-01   3.6611e+00   6.6647e-06   9.8901e-02   1.3329e-05   1.3999e-01
5.0e-03   0.0000e+00   -1.9515e+00   1.1151e-07   1.4206e-01   7.4338e-06   1.4206e-01
3.0e-03   0.0000e+00   -1.5525e+00   1.0908e-07   2.1172e-01   3.1165e-06   2.1172e-01
2.0e-03   0.0000e+00   -1.0941e+00   1.6044e-07   3.3483e-01   1.6044e-06   3.3483e-01
10    76   18.01534  1.0000E+00  H2O 
45   Number of energies, this element
1.0e+06   9.7471e-01   -2.6155e+01   1.0325e-03   9.2378e-15   6.8834e+01   2.3785e-10
7.0e+05   9.4034e-01   -2.5541e+01   9.9375e-04   1.8501e-14   3.3125e+01   4.7639e-10
5.0e+05   9.9261e-01   -2.4712e+01   9.5719e-04   3.5615e-14   3.1906e+01   9.1661e-10
3.0e+05   9.8048e-01   -2.3650e+01   9.0197e-04   9.6198e-14   3.0066e+01   2.4750e-09
2.0e+05   9.7752e-01   -2.3046e+01   1.4308e-03   2.1154e-13   5.7233e+01   5.4412e-09
1.0e+05   9.7450e-01   -2.1630e+01   1.3100e-03   8.1253e-13   5.2401e+01   2.0892e-08
7.0e+04   9.6431e-01   -2.0974e+01   1.2455e-03   1.6230e-12   4.9820e+01   4.1716e-08
5.0e+04   9.7558e-01   -2.0280e+01   1.1847e-03   3.1154e-12   4.7389e+01   8.0052e-08
3.0e+04   9.5023e-01   -1.9275e+01   1.0927e-03   8.3756e-12   4.3709e+01   2.1506e-07
2.0e+04   9.9445e-01   -1.8554e+01   1.4286e-03   1.8340e-11   4.0816e+01   4.7068e-07
1.0e+04   9.9554e-01   -1.7237e+01   1.2600e-03   6.9835e-11   3.6000e+01   1.7900e-06
7.0e+03   9.6266e-01   -1.6642e+01   1.1702e-03   1.3871e-10   3.3434e+01   1.9321e-06
5.0e+03   9.6607e-01   -1.5838e+01   1.0859e-03   2.6461e-10   3.1024e+01   6.7687e-06
3.0e+03   9.9049e-01   -1.4801e+01   1.3695e-03   7.0260e-10   2.7390e+01   9.7661e-06
2.0e+03   9.7811e-01   -1.4082e+01   1.2276e-03   1.5177e-09   2.4552e+01   2.1062e-05
1.0e+03   9.7307e-01   -1.2789e+01   9.9510e-04   5.5728e-09   1.9902e+01   7.6972e-05
7.0e+02   9.7357e-01   -1.2074e+01   8.7473e-04   1.0752e-08   1.7495e+01   1.0168e-04
5.0e+02   9.9752e-01   -1.1349e+01   1.5294e-03   1.9774e-08   1.5294e+01   1.8642e-04
3.0e+02   9.8717e-01   -1.0460e+01   1.2135e-03   4.8527e-08   1.2135e+01   4.5449e-04
2.0e+02   9.5965e-01   -9.7467e+00   9.8384e-04   9.5926e-08   9.8384e+00   5.5138e-04
1.0e+02   9.2203e-01   -8.4545e+00   3.2513e-04   2.6378e-07   6.5027e+00   1.4342e-03
7.0e+01   9.4918e-01   -7.8485e+00   7.6232e-04   6.1460e-07   5.0822e+00   2.3253e-03
5.0e+01   9.4891e-01   -7.1763e+00   5.9351e-04   9.7313e-07   3.9567e+00   3.6626e-03
3.0e+01   9.9166e-01   -6.1594e+00   9.1975e-04   3.0479e-06   2.6279e+00   6.8289e-03
2.0e+01   1.0102e+00   -5.3125e+00   9.2944e-04   4.7856e-06   1.8589e+00   1.0667e-02
1.0e+01   8.9419e-01   -4.4674e+00   9.9247e-04   1.9058e-05   9.9247e-01   1.4303e-02
7.0e+00   9.2899e-01   -3.7185e+00   1.0613e-03   5.2451e-05   7.0755e-01   1.9634e-02
5.0e+00   9.1866e-01   -3.1700e+00   7.6361e-04   6.9429e-05   5.0907e-01   1.8174e-02
3.0e+00   8.7114e-01   -2.5698e+00   7.5538e-04   1.5325e-04   3.0215e-01   2.6675e-02
2.0e+00   8.9688e-01   -1.9224e+00   9.7522e-04   3.3454e-04   1.9504e-01   3.4855e-02
1.0e+00   9.1854e-01   -6.4741e-01   8.6896e-04   6.8300e-04   8.6896e-02   5.0617e-02
7.0e-01   8.1699e-01   -5.3228e-01   5.5000e-04   1.1353e-03   5.5000e-02   5.8766e-02
5.0e-01   8.4426e-01   -1.1649e-01   8.6862e-04   2.5569e-03   3.4745e-02   6.6049e-02
3.0e-01   6.9262e-01   -1.2184e-01   2.4536e-04   2.9578e-03   1.6357e-02   4.5153e-02
2.0e-01   6.8160e-01   3.6211e-01   3.0136e-04   4.8249e-03   8.6103e-03   4.9029e-02
1.0e-01   5.3391e-01   2.7656e-01   9.9158e-05   8.8579e-03   2.8331e-03   5.3895e-02
7.0e-02   1.1539e+00   5.4697e+00   2.2923e-04   1.2813e-02   7.6410e-04   5.5606e-02
5.0e-02   8.6231e-01   3.8369e+00   1.2656e-04   1.8753e-02   4.2186e-04   5.6867e-02
3.0e-02   1.7641e+00   1.1785e+01   1.6841e-04   2.8926e-02   3.3681e-04   9.8245e-02
2.0e-02   1.3452e+00   9.4369e+00   8.0906e-05   3.9265e-02   1.6181e-04   9.9754e-02
1.0e-02   5.0103e-01   3.0255e+00   2.5030e-05   1.0197e-01   5.0060e-05   1.4431e-01
7.0e-03   5.0103e-01   3.3503e+00   1.3352e-05   1.0298e-01   2.6704e-05   1.4574e-01
5.0e-03   0.0000e+00   -1.9169e+00   1.4818e-07   1.4706e-01   1.4818e-05   1.4706e-01
3.0e-03   0.0000e+00   -1.5312e+00   1.5303e-07   2.1628e-01   6.1212e-06   2.1628e-01
2.0e-03   0.0000e+00   -1.0892e+00   1.0778e-07   3.3650e-01   3.0794e-06   3.3650e-01
13   182   26.98150  2.7020E+00  Al
45   Number of energies, this element
1.0e+06   9.9036e-01   -2.4646e+01   2.7176e-04   9.7282e-15   9.0587e+00   2.5047e-10
7.0e+05   9.6099e-01   -2.4033e+01   2.6221e-04   1.9481e-14   8.7403e+00   5.0148e-10
5.0e+05   9.5926e-01   -2.3392e+01   2.5320e-04   3.7490e-14   1.6880e+01   9.6482e-10
3.0e+05   9.6238e-01   -2.2422e+01   2.3959e-04   1.0125e-13   1.5973e+01   2.6047e-09
2.0e+05   9.8335e-01   -2.1528e+01   2.2888e-04   2.2259e-13   7.6292e+00   5.7255e-09
1.0e+05   9.9521e-01   -2.0164e+01   3.5168e-04   8.5485e-13   7.0336e+00   2.1975e-08
7.0e+04   9.7866e-01   -1.9577e+01   4.7008e-04   2.5608e-12   6.7155e+00   4.3878e-08
5.0e+04   9.6844e-01   -1.8944e+01   3.2078e-04   3.2768e-12   1.2831e+01   8.4189e-08
3.0e+04   9.6824e-01   -1.7890e+01   2.9810e-04   8.8094e-12   1.1924e+01   2.2623e-07
2.0e+04   9.7818e-01   -1.7063e+01   2.8025e-04   1.9295e-11   1.1210e+01   4.9529e-07
1.0e+04   9.8935e-01   -1.5643e+01   3.5070e-04   7.3547e-11   1.0020e+01   1.8864e-06
7.0e+03   9.7200e-01   -1.5235e+01   3.2848e-04   1.4625e-10   9.3852e+00   3.7484e-06
5.0e+03   9.9185e-01   -1.4389e+01   3.0758e-04   2.7940e-10   8.7879e+00   7.1570e-06
3.0e+03   9.8873e-01   -1.3418e+01   2.7596e-04   7.4466e-10   7.8846e+00   1.9043e-05
2.0e+03   9.7875e-01   -1.2634e+01   3.5879e-04   1.6164e-09   7.1757e+00   4.1270e-05
1.0e+03   9.6421e-01   -1.1380e+01   3.0023e-04   6.0246e-09   6.0046e+00   8.3546e-05
7.0e+02   9.8635e-01   -1.0608e+01   2.6941e-04   1.1772e-08   5.3881e+00   1.6290e-04
5.0e+02   9.6478e-01   -1.0037e+01   2.4081e-04   2.2007e-08   4.8163e+00   3.0366e-04
3.0e+02   9.5964e-01   -8.9555e+00   1.9872e-04   5.5919e-08   3.9745e+00   5.2756e-04
2.0e+02   9.9853e-01   -8.1808e+00   5.0103e-04   1.1484e-07   3.3402e+00   1.0781e-03
1.0e+02   9.7017e-01   -6.9560e+00   3.5492e-04   5.1310e-07   2.3661e+00   2.9696e-03
7.0e+01   1.0044e+00   -6.2169e+00   2.8751e-04   8.3629e-07   1.9167e+00   5.1563e-03
5.0e+01   9.7786e-01   -5.7858e+00   2.3124e-04   1.3988e-06   1.5416e+00   5.3108e-03
3.0e+01   9.7630e-01   -4.7682e+00   3.7466e-04   4.7341e-06   1.0705e+00   1.0686e-02
2.0e+01   9.2762e-01   -4.1321e+00   1.9502e-04   7.8295e-06   7.8010e-01   1.7558e-02
1.0e+01   8.7690e-01   -3.1353e+00   2.1667e-04   3.3299e-05   4.3333e-01   2.5058e-02
7.0e+00   8.6757e-01   -2.5876e+00   1.5682e-04   4.6927e-05   3.1364e-01   3.5211e-02
5.0e+00   9.2283e-01   -1.8414e+00   3.4261e-04   1.2648e-04   2.2841e-01   4.7321e-02
3.0e+00   8.2824e-01   -1.4015e+00   1.3772e-04   1.8992e-04   1.3772e-01   4.9633e-02
2.0e+00   9.3549e-01   -3.8123e-01   4.4945e-04   3.7778e-04   8.9891e-02   6.5658e-02
1.0e+00   8.3474e-01   2.0391e-01   2.0345e-04   1.3091e-03   4.0690e-02   9.7077e-02
7.0e-01   9.0163e-01   1.0874e+00   2.5938e-04   1.5365e-03   2.5938e-02   1.1371e-01
5.0e-01   9.1021e-01   1.5075e+00   4.1169e-04   2.4902e-03   1.6468e-02   1.2875e-01
3.0e-01   7.4420e-01   1.1893e+00   1.9500e-04   5.7727e-03   7.8001e-03   8.8129e-02
2.0e-01   8.8690e-01   2.8748e+00   1.4456e-04   6.2875e-03   4.1304e-03   1.6179e-01
1.0e-01   6.0342e-01   1.6747e+00   6.8659e-05   1.7348e-02   1.3732e-03   1.0556e-01
7.0e-02   9.1718e-01   4.8561e+00   7.4639e-05   1.7936e-02   7.4639e-04   1.8388e-01
5.0e-02   4.8469e-01   1.5800e+00   2.0780e-05   2.5761e-02   4.1560e-04   1.1179e-01
3.0e-02   6.1376e-01   3.5258e+00   1.6858e-05   3.7915e-02   8.4291e-05   1.1496e-01
2.0e-02   5.8334e-01   3.6444e+00   1.2342e-05   5.8007e-02   8.2280e-05   1.9700e-01
1.0e-02   1.2531e+00   1.1966e+01   1.3075e-05   1.1945e-01   2.6150e-05   2.8472e-01
7.0e-03   5.0085e-01   4.3395e+00   7.1237e-06   2.0259e-01   1.4247e-05   2.8667e-01
5.0e-03   5.0068e-01   4.6241e+00   4.0480e-06   2.0331e-01   8.0960e-06   2.8766e-01
3.0e-03   5.3763e-01   5.8805e+00   1.7476e-06   2.8739e-01   3.4952e-06   4.1717e-01
2.0e-03   0.0000e+00   -1.2521e+00   1.8301e-07   2.8591e-01   1.8301e-06   2.8591e-01
16   272   32.06435  2.0700E+00  S
45   Number of energies, this element
1.0e+06   1.0045e+00   -2.4746e+01   6.8108e-04   9.8321e-15   9.7297e+00   2.5314e-10
7.0e+05   1.0055e+00   -2.4017e+01   6.5760e-04   1.9687e-14   9.3943e+00   5.0667e-10
5.0e+05   1.0045e+00   -2.3379e+01   6.3546e-04   3.7891e-14   9.0780e+00   9.7498e-10
3.0e+05   1.0019e+00   -2.2338e+01   6.0201e-04   1.0229e-13   8.6002e+00   2.6317e-09
2.0e+05   1.0349e+00   -2.1533e+01   5.7568e-04   2.2489e-13   8.2240e+00   5.7846e-09
1.0e+05   9.6858e-01   -2.0242e+01   2.2790e-04   8.6354e-13   1.5193e+01   2.2199e-08
7.0e+04   9.8782e-01   -1.9628e+01   7.2616e-04   1.7244e-12   1.4523e+01   4.4313e-08
5.0e+04   1.0382e+00   -1.8695e+01   6.9457e-04   3.3097e-12   6.9457e+00   8.5034e-08
3.0e+04   1.0118e+00   -1.7910e+01   6.4677e-04   8.8977e-12   1.2935e+01   2.2849e-07
2.0e+04   9.6514e-01   -1.7301e+01   6.0916e-04   1.9488e-11   1.2183e+01   5.0023e-07
1.0e+04   9.6466e-01   -1.5783e+01   2.7324e-04   7.4299e-11   1.0929e+01   1.9055e-06
7.0e+03   9.5810e-01   -1.5033e+01   2.5650e-04   1.4774e-10   1.0260e+01   3.7874e-06
5.0e+03   9.5095e-01   -1.4612e+01   2.4076e-04   2.8233e-10   9.6303e+00   7.2330e-06
3.0e+03   9.5494e-01   -1.3534e+01   2.1693e-04   7.5302e-10   8.6772e+00   1.9265e-05
2.0e+03   1.0028e+00   -1.2631e+01   3.9642e-04   1.6363e-09   7.9284e+00   4.1802e-05
1.0e+03   9.4252e-01   -1.1425e+01   2.3412e-04   6.1174e-09   6.6892e+00   8.4891e-05
7.0e+02   9.4291e-01   -1.0709e+01   2.1121e-04   1.1985e-08   6.0345e+00   1.6602e-04
5.0e+02   9.4224e-01   -1.0046e+01   1.8989e-04   2.2480e-08   5.4254e+00   3.1067e-04
3.0e+02   9.3243e-01   -9.0527e+00   1.5833e-04   5.7560e-08   4.5237e+00   7.9125e-04
2.0e+02   9.5146e-01   -8.3081e+00   3.8388e-04   1.7882e-07   3.8388e+00   1.1217e-03
1.0e+02   9.7182e-01   -7.0472e+00   4.1597e-04   5.4403e-07   2.7731e+00   3.1588e-03
7.0e+01   9.7720e-01   -6.3787e+00   3.4069e-04   9.0050e-07   2.2712e+00   5.5745e-03
5.0e+01   9.1594e-01   -5.9001e+00   1.8462e-04   1.5311e-06   1.8462e+00   5.8304e-03
3.0e+01   9.5108e-01   -4.9146e+00   3.2550e-04   5.3167e-06   1.3020e+00   1.2032e-02
2.0e+01   9.6130e-01   -4.1150e+00   2.3987e-04   8.9614e-06   9.5948e-01   2.0145e-02
1.0e+01   8.7397e-01   -3.1161e+00   2.7073e-04   3.9171e-05   5.4145e-01   2.9513e-02
7.0e+00   8.6341e-01   -2.5801e+00   1.9712e-04   5.5809e-05   3.9424e-01   4.1917e-02
5.0e+00   9.0269e-01   -1.9088e+00   4.3258e-04   1.5167e-04   2.8839e-01   5.6791e-02
3.0e+00   8.2484e-01   -1.5057e+00   1.7474e-04   2.2993e-04   1.7474e-01   6.0110e-02
2.0e+00   8.4525e-01   -7.5754e-01   2.8583e-04   4.5977e-04   1.1433e-01   7.9930e-02
1.0e+00   8.6418e-01   3.3904e-01   2.5928e-04   1.1434e-03   5.1855e-02   1.1873e-01
7.0e-01   8.8988e-01   9.1135e-01   4.9591e-04   1.8799e-03   3.3061e-02   1.3912e-01
5.0e-01   8.4754e-01   1.2213e+00   3.1485e-04   3.0446e-03   2.0990e-02   1.5740e-01
3.0e-01   8.2363e-01   1.7865e+00   2.4871e-04   7.0547e-03   9.9484e-03   1.8181e-01
2.0e-01   6.5796e-01   1.2854e+00   7.9076e-05   7.6710e-03   5.2717e-03   1.1700e-01
1.0e-01   6.0339e-01   1.7238e+00   8.7744e-05   2.1133e-02   1.7549e-03   1.2858e-01
7.0e-02   8.6827e-01   4.1677e+00   1.4322e-04   2.1825e-02   9.5477e-04   1.3276e-01
5.0e-02   6.2672e-01   2.8104e+00   5.3218e-05   3.1305e-02   5.3218e-04   1.3583e-01
3.0e-02   8.7730e-01   5.9740e+00   3.2444e-05   4.5932e-02   2.1630e-04   2.3461e-01
2.0e-02   8.9099e-01   6.7475e+00   2.6442e-05   7.0000e-02   1.0577e-04   2.3768e-01
1.0e-02   1.2526e+00   1.1818e+01   1.6860e-05   1.4252e-01   3.3720e-05   3.3958e-01
7.0e-03   0.0000e+00   -1.9498e+00   1.8414e-07   1.4230e-01   1.8414e-05   1.4230e-01
5.0e-03   5.0019e-01   4.6463e+00   5.2445e-06   2.3808e-01   1.0489e-05   3.3674e-01
3.0e-03   0.0000e+00   -1.1065e+00   1.1361e-07   3.3072e-01   4.5445e-06   3.3072e-01
2.0e-03   5.3684e-01   6.1978e+00   1.1917e-06   3.2472e-01   2.3833e-06   4.7109e-01
22   506   47.90000  4.5400E+00  Ti
45   Number of energies, this element
1.0e+06   9.8981e-01   -2.3733e+01   1.8932e-04   1.5060e-14   2.6505e+00   2.5845e-10
7.0e+05   9.7164e-01   -2.3139e+01   1.8301e-04   3.0151e-14   3.6602e+00   5.1724e-10
5.0e+05   9.8497e-01   -2.2439e+01   1.7706e-04   5.8025e-14   3.5412e+00   9.9527e-10
3.0e+05   1.0129e+00   -2.1367e+01   2.3529e-04   1.5661e-13   3.3614e+00   2.6858e-09
2.0e+05   1.0026e+00   -2.0559e+01   2.2538e-04   3.4426e-13   3.2198e+00   5.9033e-09
1.0e+05   1.0013e+00   -1.9199e+01   2.0886e-04   1.3215e-12   2.9837e+00   2.2646e-08
7.0e+04   9.9070e-01   -1.8646e+01   2.0003e-04   2.6386e-12   5.7151e+00   4.5210e-08
5.0e+04   9.8147e-01   -1.8019e+01   1.9171e-04   5.0638e-12   5.4773e+00   8.6728e-08
3.0e+04   9.8317e-01   -1.7048e+01   1.7911e-04   1.3610e-11   5.1174e+00   2.3301e-07
2.0e+04   9.8059e-01   -1.6230e+01   1.6920e-04   2.9810e-11   4.8342e+00   5.1010e-07
1.0e+04   1.0181e+00   -1.4787e+01   2.1810e-04   1.1365e-10   4.3621e+00   1.9435e-06
7.0e+03   9.9257e-01   -1.4219e+01   2.0550e-04   2.2605e-10   4.1099e+00   3.8639e-06
5.0e+03   9.8139e-01   -1.3521e+01   1.9363e-04   4.3210e-10   3.8725e+00   7.3823e-06
3.0e+03   9.9356e-01   -1.2521e+01   1.7565e-04   1.1535e-09   3.5129e+00   1.9685e-05
2.0e+03   9.9107e-01   -1.1674e+01   1.6151e-04   2.5096e-09   3.2301e+00   4.2781e-05
1.0e+03   9.7108e-01   -1.0363e+01   1.3804e-04   9.4209e-09   2.7608e+00   1.6012e-04
7.0e+02   9.5653e-01   -9.7202e+00   1.2559e-04   1.8523e-08   2.5117e+00   3.1408e-04
5.0e+02   9.9950e-01   -8.9648e+00   2.2788e-04   3.4914e-08   2.2788e+00   3.2235e-04
3.0e+02   9.6935e-01   -8.1076e+00   1.9315e-04   9.0384e-08   1.9315e+00   8.3109e-04
2.0e+02   9.6099e-01   -7.2710e+00   1.6645e-04   1.8963e-07   1.6645e+00   1.1935e-03
1.0e+02   9.3745e-01   -6.1824e+00   1.2405e-04   5.9555e-07   1.2405e+00   3.4714e-03
7.0e+01   9.3338e-01   -5.5719e+00   1.0341e-04   1.0096e-06   1.0341e+00   6.2932e-03
5.0e+01   9.6191e-01   -4.7752e+00   2.1376e-04   2.9440e-06   8.5506e-01   1.0926e-02
3.0e+01   9.3522e-01   -3.9589e+00   1.5459e-04   6.4200e-06   6.1837e-01   1.4598e-02
2.0e+01   9.8675e-01   -3.0050e+00   2.3197e-04   1.1195e-05   4.6394e-01   2.5272e-02
1.0e+01   8.7756e-01   -2.2553e+00   1.3417e-04   5.1291e-05   2.6834e-01   3.8723e-02
7.0e+00   8.7516e-01   -1.6472e+00   9.8543e-05   7.4366e-05   1.9709e-01   5.5940e-02
5.0e+00   9.1329e-01   -9.9422e-01   2.1762e-04   2.0475e-04   1.4508e-01   7.6749e-02
3.0e+00   8.7738e-01   -3.8723e-01   1.3276e-04   3.1454e-04   8.8508e-02   8.2275e-02
2.0e+00   8.6168e-01   2.4435e-01   1.4533e-04   6.3330e-04   5.8131e-02   1.1014e-01
1.0e+00   7.9553e-01   7.9278e-01   9.2697e-05   1.5849e-03   2.6485e-02   1.6461e-01
7.0e-01   8.3701e-01   1.6216e+00   8.4596e-05   2.6104e-03   1.6919e-02   1.9320e-01
5.0e-01   8.4503e-01   2.0300e+00   1.6145e-04   4.2309e-03   1.0763e-02   2.1874e-01
3.0e-01   7.4418e-01   2.0330e+00   1.2797e-04   9.8111e-03   5.1188e-03   1.4977e-01
2.0e-01   7.3406e-01   2.5450e+00   6.8006e-05   1.0667e-02   2.7202e-03   1.6269e-01
1.0e-01   6.3386e-01   2.7137e+00   4.5486e-05   2.9338e-02   9.0973e-04   1.7850e-01
7.0e-02   6.0916e-01   2.9546e+00   2.4830e-05   3.0245e-02   4.9659e-04   1.8395e-01
5.0e-02   8.3071e-01   5.4799e+00   2.7780e-05   4.3268e-02   2.7780e-04   3.1629e-01
3.0e-02   1.1243e+00   9.1864e+00   2.8418e-05   6.3075e-02   1.1367e-04   3.2206e-01
2.0e-02   8.9067e-01   7.6203e+00   1.3989e-05   9.5350e-02   5.5956e-05   3.2361e-01
1.0e-02   8.7710e-01   8.7206e+00   4.5098e-06   1.2609e-01   1.8039e-05   4.5252e-01
7.0e-03   7.8145e-01   8.2430e+00   3.4766e-06   1.8719e-01   9.9333e-06   4.4551e-01
5.0e-03   0.0000e+00   -1.1746e+00   1.4269e-07   3.0894e-01   2.8538e-06   3.0894e-01
3.0e-03   4.9958e-01   5.5796e+00   1.2531e-06   2.9828e-01   2.5062e-06   4.2171e-01
2.0e-03   0.0000e+00   -8.8965e-01   1.3233e-07   4.1080e-01   1.3233e-06   4.1080e-01
29   870   63.54000  8.9333E+00  Cu
45   Number of energies, this element
1.0e+06   9.4783e-01   -2.2912e+01   4.7408e-05   1.5488e-14   1.5803e+00   2.6580e-10
7.0e+05   9.9154e-01   -2.2164e+01   1.5290e-04   3.1004e-14   1.5290e+00   5.3197e-10
5.0e+05   9.8112e-01   -2.1586e+01   1.4807e-04   5.9654e-14   1.4807e+00   1.0232e-09
3.0e+05   1.0260e+00   -2.0342e+01   1.4078e-04   1.6101e-13   1.4078e+00   2.7610e-09
2.0e+05   1.0137e+00   -1.9611e+01   1.3503e-04   3.5384e-13   1.3503e+00   6.0671e-09
1.0e+05   9.6310e-01   -1.8351e+01   6.2723e-05   1.3580e-12   1.2545e+00   2.3269e-08
7.0e+04   9.4598e-01   -1.7845e+01   6.0163e-05   2.7111e-12   1.2033e+00   4.6440e-08
5.0e+04   9.5699e-01   -1.7032e+01   5.7751e-05   5.2030e-12   1.1550e+00   8.9098e-08
3.0e+04   9.4984e-01   -1.6266e+01   5.4098e-05   1.3980e-11   2.1639e+00   2.3932e-07
2.0e+04   9.5791e-01   -1.5311e+01   5.1224e-05   3.0615e-11   2.0490e+00   5.2386e-07
1.0e+04   9.9165e-01   -1.3846e+01   9.2864e-05   1.1671e-10   1.8573e+00   1.9957e-06
7.0e+03   9.4929e-01   -1.3275e+01   6.1420e-05   2.3214e-10   1.7549e+00   3.9679e-06
5.0e+03   9.4474e-01   -1.2614e+01   5.8045e-05   4.4376e-10   1.6584e+00   7.5809e-06
3.0e+03   9.4136e-01   -1.1772e+01   5.2931e-05   1.1848e-09   7.5615e-01   1.1001e-05
2.0e+03   1.0213e+00   -1.0736e+01   1.3973e-04   2.5790e-09   1.3973e+00   4.3981e-05
1.0e+03   9.9517e-01   -9.3861e+00   1.2062e-04   9.6997e-09   1.2062e+00   1.6502e-04
7.0e+02   9.9057e-01   -8.7488e+00   1.1045e-04   1.9109e-08   1.1045e+00   3.2449e-04
5.0e+02   9.7649e-01   -8.1783e+00   1.0092e-04   3.6113e-08   1.0092e+00   3.3384e-04
3.0e+02   9.9908e-01   -7.0946e+00   1.2995e-04   9.4099e-08   8.6635e-01   8.6716e-04
2.0e+02   9.9661e-01   -6.3393e+00   1.1336e-04   1.9908e-07   7.5571e-01   1.8279e-03
1.0e+02   9.4424e-01   -5.2283e+00   8.6648e-05   1.0627e-06   5.7765e-01   3.7196e-03
7.0e+01   9.3858e-01   -4.7700e+00   7.3333e-05   1.8294e-06   4.8889e-01   6.8790e-03
5.0e+01   9.8427e-01   -3.8339e+00   1.0261e-04   3.2751e-06   4.1043e-01   1.2230e-02
3.0e+01   9.4944e-01   -3.1014e+00   7.5997e-05   7.4297e-06   3.0399e-01   1.6967e-02
2.0e+01   9.8567e-01   -2.1223e+00   8.1303e-05   1.3380e-05   2.3229e-01   3.0330e-02
1.0e+01   8.8070e-01   -1.3828e+00   6.9056e-05   6.4377e-05   1.3811e-01   4.8711e-02
7.0e+00   8.6438e-01   -8.9636e-01   5.1261e-05   9.5252e-05   1.0252e-01   7.1786e-02
5.0e+00   9.1515e-01   -1.7808e-01   1.1412e-04   2.6640e-04   7.6078e-02   1.0000e-01
3.0e+00   9.0004e-01   6.5413e-01   7.0248e-05   4.1642e-04   4.6832e-02   1.5553e-01
2.0e+00   8.4646e-01   9.1286e-01   7.7276e-05   8.4623e-04   3.0910e-02   1.4723e-01
1.0e+00   8.1067e-01   1.7291e+00   4.9550e-05   2.1359e-03   1.4157e-02   2.2187e-01
7.0e-01   8.0593e-01   2.1443e+00   4.5300e-05   3.5236e-03   9.0600e-03   2.6080e-01
5.0e-01   7.6762e-01   2.3565e+00   5.7719e-05   5.7088e-03   5.7719e-03   2.9512e-01
3.0e-01   7.4417e-01   2.7912e+00   6.8824e-05   1.3200e-02   2.7530e-03   2.0149e-01
2.0e-01   8.1336e-01   4.0206e+00   3.6704e-05   1.4319e-02   1.4682e-03   3.6838e-01
1.0e-01   6.4859e-01   3.4937e+00   1.7296e-05   2.3514e-02   4.9416e-04   2.3868e-01
7.0e-02   7.3423e-01   4.8968e+00   1.3550e-05   4.0306e-02   2.7100e-04   4.1302e-01
5.0e-02   7.9666e-01   5.9399e+00   1.5238e-05   5.7391e-02   1.5238e-04   4.1938e-01
3.0e-02   8.6184e-01   7.5547e+00   9.4431e-06   8.2810e-02   3.1477e-05   2.5096e-01
2.0e-02   6.4525e-01   5.7528e+00   4.6927e-06   1.2380e-01   3.1284e-05   4.1994e-01
1.0e-02   6.2005e-01   6.2137e+00   2.5618e-06   1.5999e-01   1.0247e-05   4.0579e-01
7.0e-03   0.0000e+00   -1.4492e+00   1.4271e-07   2.3475e-01   5.7086e-06   2.3475e-01
5.0e-03   0.0000e+00   -1.4780e+00   1.1616e-07   2.2810e-01   3.3187e-06   2.2810e-01
3.0e-03   0.0000e+00   -1.0020e+00   1.4805e-07   3.6716e-01   1.4805e-06   3.6716e-01
2.0e-03   0.0000e+00   -1.0307e+00   1.1759e-07   3.5674e-01   7.8393e-07   3.5674e-01
32  1056   72.59000  5.3600E+00  Ge
45   Number of energies, this element
1.0e+06   9.7739e-01   -2.3301e+01   1.7664e-04   1.5618e-14   2.5235e+00   2.6802e-10
7.0e+05   9.7822e-01   -2.2589e+01   1.7096e-04   3.1264e-14   2.4422e+00   5.3644e-10
5.0e+05   9.7923e-01   -2.1953e+01   1.6559e-04   6.0151e-14   2.3656e+00   1.0317e-09
3.0e+05   1.0246e+00   -2.0780e+01   2.2499e-04   1.6232e-13   2.2499e+00   2.7835e-09
2.0e+05   1.0001e+00   -2.0156e+01   2.1587e-04   3.5675e-13   2.1587e+00   6.1148e-09
1.0e+05   9.9172e-01   -1.8797e+01   2.0068e-04   1.3689e-12   2.0067e+00   2.3456e-08
7.0e+04   9.5757e-01   -1.8307e+01   1.9256e-04   2.7328e-12   3.8511e+00   4.6815e-08
5.0e+04   9.5094e-01   -1.7576e+01   1.8491e-04   5.2430e-12   3.6981e+00   8.9806e-08
3.0e+04   9.6186e-01   -1.6587e+01   1.7332e-04   1.4090e-11   3.4664e+00   2.4119e-07
2.0e+04   9.8031e-01   -1.5697e+01   1.6420e-04   3.0855e-11   1.6420e+00   5.2800e-07
1.0e+04   9.8389e-01   -1.4400e+01   1.4901e-04   1.1761e-10   2.9801e+00   2.0111e-06
7.0e+03   9.1864e-01   -1.3871e+01   7.0442e-05   2.3391e-10   2.8177e+00   3.9983e-06
5.0e+03   9.1665e-01   -1.3273e+01   6.6617e-05   4.4714e-10   2.6647e+00   7.6389e-06
3.0e+03   9.3964e-01   -1.2223e+01   1.2165e-04   1.1939e-09   2.4329e+00   2.0380e-05
2.0e+03   1.0175e+00   -1.1154e+01   2.2504e-04   2.5990e-09   2.2504e+00   4.4325e-05
1.0e+03   9.8085e-01   -9.9118e+00   1.9472e-04   1.6299e-08   1.9472e+00   1.6640e-04
7.0e+02   9.9470e-01   -9.1651e+00   1.7856e-04   3.2125e-08   1.7856e+00   3.2741e-04
5.0e+02   9.4850e-01   -8.6614e+00   1.6342e-04   6.0744e-08   1.6342e+00   3.3701e-04
3.0e+02   9.7682e-01   -7.5729e+00   2.1103e-04   1.5850e-07   1.4069e+00   8.7681e-04
2.0e+02   9.7896e-01   -6.8591e+00   1.8459e-04   3.3587e-07   1.2306e+00   1.8514e-03
1.0e+02   9.5693e-01   -5.6417e+00   1.4191e-04   1.0795e-06   9.4606e-01   3.7777e-03
7.0e+01   9.4393e-01   -5.1404e+00   1.2052e-04   1.8643e-06   8.0349e-01   7.0202e-03
5.0e+01   9.5821e-01   -4.3760e+00   1.6924e-04   3.3574e-06   6.7697e-01   1.2564e-02
3.0e+01   9.2980e-01   -3.4648e+00   7.5632e-05   7.6989e-06   5.0422e-01   1.7601e-02
2.0e+01   9.6179e-01   -2.7001e+00   1.3546e-04   1.9567e-05   3.8703e-01   3.1713e-02
1.0e+01   8.8075e-01   -1.7832e+00   1.1592e-04   6.8044e-05   2.3184e-01   5.1515e-02
7.0e+00   8.5469e-01   -1.3377e+00   8.6350e-05   1.0120e-04   1.7270e-01   7.6306e-02
5.0e+00   9.0737e-01   -6.1123e-01   1.9284e-04   2.8423e-04   1.2856e-01   1.0675e-01
3.0e+00   8.9737e-01   1.9837e-01   1.1928e-04   4.4682e-04   7.9521e-02   1.6695e-01
2.0e+00   9.0061e-01   8.4014e-01   1.8442e-04   9.1170e-04   5.2692e-02   1.5866e-01
1.0e+00   8.3023e-01   1.4669e+00   8.5065e-05   2.3168e-03   2.4304e-02   3.4241e-01
7.0e-01   8.2248e-01   1.9367e+00   7.8094e-05   3.8361e-03   1.5619e-02   2.8400e-01
5.0e-01   7.6767e-01   2.0250e+00   9.9903e-05   6.2412e-03   9.9903e-03   3.2276e-01
3.0e-01   8.2366e-01   3.1104e+00   1.1975e-04   1.4518e-02   4.7899e-03   3.7417e-01
2.0e-01   8.1340e-01   3.6664e+00   6.4053e-05   1.5799e-02   2.5621e-03   4.0651e-01
1.0e-01   7.4460e-01   4.1365e+00   3.0279e-05   2.5942e-02   8.6513e-04   4.4381e-01
7.0e-02   7.5878e-01   4.7539e+00   2.3765e-05   4.4399e-02   4.7529e-04   4.5489e-01
5.0e-02   7.9658e-01   5.5845e+00   2.6774e-05   6.3073e-02   2.6774e-04   4.6081e-01
3.0e-02   8.2279e-01   6.7446e+00   1.6646e-05   9.0547e-02   1.1098e-04   4.6199e-01
2.0e-02   6.4510e-01   5.4674e+00   8.2988e-06   1.3467e-01   5.5325e-05   4.5670e-01
1.0e-02   6.1988e-01   5.9289e+00   4.5578e-06   1.7238e-01   1.8231e-05   4.3711e-01
7.0e-03   4.9549e-01   4.8355e+00   3.5720e-06   2.5179e-01   1.0206e-05   4.2360e-01
5.0e-03   0.0000e+00   -1.4115e+00   1.4919e-07   2.4377e-01   5.9674e-06   2.4377e-01
3.0e-03   0.0000e+00   -9.4007e-01   1.3462e-07   3.9060e-01   2.6925e-06   3.9060e-01
2.0e-03   0.0000e+00   -9.7146e-01   1.4419e-07   3.7853e-01   1.4419e-06   3.7853e-01
40  1640   91.22000  6.4000E+00  Zr
43   Number of energies, this element
1.0e+06   9.7998e-01   -2.2957e+01   1.2557e-04   2.6577e-14   1.7939e+00   2.7362e-10
7.0e+05   9.4851e-01   -2.2411e+01   1.2161e-04   5.3197e-14   1.7373e+00   5.4759e-10
5.0e+05   9.7268e-01   -2.1617e+01   1.1788e-04   1.0233e-13   1.6840e+00   1.0530e-09
3.0e+05   9.8904e-01   -2.0504e+01   1.1224e-04   2.7610e-13   1.6034e+00   2.8404e-09
2.0e+05   9.8161e-01   -1.9825e+01   1.0780e-04   6.0668e-13   1.5400e+00   6.2400e-09
1.0e+05   9.6376e-01   -1.8649e+01   1.4342e-04   2.3274e-12   1.4342e+00   2.3924e-08
7.0e+04   9.6355e-01   -1.7893e+01   1.3776e-04   4.6455e-12   2.7553e+00   4.7740e-08
5.0e+04   9.9122e-01   -1.7057e+01   1.3244e-04   8.9120e-12   1.3244e+00   9.1564e-08
3.0e+04   9.5644e-01   -1.6100e+01   1.2437e-04   2.3944e-11   2.4874e+00   2.4590e-07
2.0e+04   9.5610e-01   -1.5390e+01   1.1802e-04   5.2415e-11   2.3605e+00   5.3820e-07
1.0e+04   9.9167e-01   -1.3966e+01   1.0744e-04   1.9978e-10   2.1488e+00   2.0494e-06
7.0e+03   9.7353e-01   -1.3269e+01   1.0178e-04   3.9729e-10   2.0357e+00   4.0742e-06
5.0e+03   9.6310e-01   -1.2718e+01   9.6457e-05   7.5943e-10   1.9291e+00   7.7850e-06
3.0e+03   9.5209e-01   -1.1840e+01   8.8381e-05   2.0281e-09   1.7676e+00   2.0772e-05
2.0e+03   9.3289e-01   -1.1068e+01   8.2021e-05   4.4161e-09   1.6404e+00   4.5200e-05
1.0e+03   9.8275e-01   -9.6275e+00   1.4288e-04   1.6638e-08   1.4288e+00   1.6998e-04
7.0e+02   9.8110e-01   -8.8313e+00   1.3159e-04   3.2835e-08   1.3159e+00   1.8251e-04
5.0e+02   9.6662e-01   -8.2522e+00   1.2098e-04   6.2195e-08   1.2098e+00   3.4530e-04
3.0e+02   9.7513e-01   -7.2209e+00   1.0501e-04   1.6291e-07   1.0501e+00   9.0224e-04
2.0e+02   9.6468e-01   -6.4831e+00   1.3885e-04   3.4686e-07   9.2568e-01   1.9155e-03
1.0e+02   9.7855e-01   -5.1279e+00   1.0849e-04   1.1296e-06   7.2326e-01   5.7221e-03
7.0e+01   9.4416e-01   -4.7241e+00   9.3051e-05   1.9743e-06   6.2034e-01   7.4627e-03
5.0e+01   9.3790e-01   -4.1105e+00   7.9188e-05   3.6125e-06   5.2792e-01   1.3577e-02
3.0e+01   9.6581e-01   -3.0554e+00   1.3984e-04   8.5244e-06   3.9956e-01   1.9550e-02
2.0e+01   9.6071e-01   -2.3294e+00   1.0871e-04   2.2189e-05   3.1061e-01   3.6072e-02
1.0e+01   9.0748e-01   -1.3418e+00   1.8986e-04   8.0059e-05   1.8986e-01   6.0717e-02
7.0e+00   9.3579e-01   -5.9306e-01   2.1395e-04   1.2096e-04   1.4263e-01   9.1337e-02
5.0e+00   8.8731e-01   -2.6879e-01   1.6037e-04   3.4398e-04   1.0691e-01   1.2935e-01
3.0e+00   9.0726e-01   5.9794e-01   2.3350e-04   5.4904e-04   6.6715e-02   1.4384e-01
2.0e+00   8.8358e-01   1.1797e+00   1.1116e-04   1.1308e-03   4.4462e-02   2.8071e-01
1.0e+00   8.4435e-01   1.9286e+00   7.2318e-05   2.9088e-03   2.0662e-02   4.3016e-01
7.0e-01   8.2252e-01   2.2998e+00   6.6571e-05   4.8352e-03   1.3314e-02   3.5807e-01
5.0e-01   7.8465e-01   2.5271e+00   8.5313e-05   7.8804e-03   8.5313e-03   4.0753e-01
3.0e-01   8.2361e-01   3.4699e+00   1.0252e-04   1.8308e-02   4.1010e-03   4.7178e-01
2.0e-01   7.3403e-01   3.3231e+00   5.4958e-05   1.9868e-02   2.1983e-03   3.0299e-01
1.0e-01   7.4278e-01   4.4552e+00   2.6065e-05   3.2329e-02   7.4472e-04   5.5286e-01
7.0e-02   7.8791e-01   5.1632e+00   4.1005e-05   5.4932e-02   4.1005e-04   3.3393e-01
5.0e-02   8.6142e-01   6.3192e+00   3.4731e-05   5.5207e-02   2.3154e-04   3.3546e-01
3.0e-02   5.0475e-01   3.6016e+00   1.4462e-05   1.0930e-01   9.6410e-05   3.3110e-01
2.0e-02   5.2947e-01   4.4164e+00   7.2435e-06   1.6026e-01   2.4145e-05   3.2278e-01
1.0e-02   0.0000e+00   -1.6080e+00   1.6063e-07   2.0028e-01   1.6063e-05   2.0028e-01
7.0e-03   0.0000e+00   -1.6502e+00   1.3593e-07   1.9202e-01   9.0623e-06   1.9202e-01
5.0e-03   0.0000e+00   -1.2820e+00   1.3373e-07   2.7748e-01   5.3494e-06   2.7748e-01
47  2256  107.87000  1.0500E+01  Ag
43   Number of energies, this element
1.0e+06   9.5476e-01   -2.2312e+01   4.8892e-05   2.7045e-14   6.8448e-01   2.7842e-10
7.0e+05   9.6259e-01   -2.1577e+01   4.7376e-05   5.4129e-14   6.6327e-01   5.5707e-10
5.0e+05   9.5742e-01   -2.0999e+01   6.4325e-05   1.0411e-13   9.1893e-01   1.0714e-09
3.0e+05   9.6496e-01   -2.0009e+01   6.1303e-05   2.8087e-13   8.7575e-01   2.8893e-09
2.0e+05   9.6047e-01   -1.9302e+01   5.8923e-05   6.1700e-13   8.4175e-01   6.3463e-09
1.0e+05   9.7406e-01   -1.7747e+01   5.4953e-04   1.4205e-11   7.8505e-01   2.4328e-08
7.0e+04   9.5348e-01   -1.7295e+01   5.2833e-05   4.7228e-12   1.5095e+00   4.8539e-08
5.0e+04   9.5059e-01   -1.6620e+01   5.0834e-05   9.0605e-12   1.4524e+00   9.3091e-08
3.0e+04   9.4005e-01   -1.5534e+01   4.7809e-05   2.4339e-11   1.3660e+00   2.4993e-07
2.0e+04   1.0073e+00   -1.4531e+01   1.2979e-04   5.3282e-11   6.4895e-01   5.4690e-07
1.0e+04   9.8826e-01   -1.3265e+01   1.1844e-04   2.0300e-10   1.1844e+00   2.0824e-06
7.0e+03   9.6784e-01   -1.2744e+01   5.6190e-05   4.0367e-10   1.1238e+00   4.1394e-06
5.0e+03   1.0374e+00   -1.1800e+01   1.6000e-04   7.7157e-10   1.0667e+00   7.9092e-06
3.0e+03   9.5093e-01   -1.1178e+01   4.9004e-05   2.0603e-09   9.8007e-01   2.1106e-05
2.0e+03   9.4868e-01   -1.0442e+01   4.5592e-05   4.4872e-09   9.1184e-01   4.5934e-05
1.0e+03   9.7061e-01   -8.9186e+00   3.9913e-05   1.6917e-08   7.9826e-01   1.7289e-04
7.0e+02   9.5419e-01   -8.3153e+00   3.6878e-05   3.3407e-08   7.3757e-01   3.4099e-04
5.0e+02   9.5081e-01   -7.7003e+00   3.4025e-05   6.3338e-08   6.8050e-01   3.5184e-04
3.0e+02   9.4494e-01   -6.7491e+00   5.9445e-05   1.6632e-07   5.9445e-01   9.2203e-04
2.0e+02   9.6984e-01   -5.8163e+00   5.2718e-05   3.5530e-07   5.2718e-01   1.9644e-03
1.0e+02   9.4896e-01   -4.7186e+00   4.1712e-05   1.1680e-06   4.1712e-01   5.9304e-03
7.0e+01   9.5277e-01   -3.9106e+00   3.6058e-05   2.0592e-06   3.6058e-01   1.1369e-02
5.0e+01   9.7692e-01   -3.3592e+00   1.0828e-04   5.3354e-06   3.0938e-01   1.4380e-02
3.0e+01   9.6550e-01   -2.3776e+00   8.3064e-05   1.2878e-05   2.3733e-01   2.1150e-02
2.0e+01   8.9919e-01   -1.9895e+00   4.6641e-05   2.4426e-05   1.8657e-01   3.9818e-02
1.0e+01   9.0764e-01   -7.6468e-01   1.1617e-04   9.1191e-05   1.1617e-01   6.9273e-02
7.0e+00   8.8196e-01   -2.1160e-01   1.3194e-04   2.7987e-04   8.7957e-02   1.0581e-01
5.0e+00   8.8743e-01   3.1389e-01   9.9511e-05   4.0298e-04   6.6340e-02   1.5172e-01
3.0e+00   9.3335e-01   1.3830e+00   1.4593e-04   6.5311e-04   4.1693e-02   2.4446e-01
2.0e+00   8.8364e-01   1.7743e+00   6.9737e-05   1.3568e-03   2.7895e-02   3.3700e-01
1.0e+00   8.3397e-01   2.4384e+00   4.5560e-05   3.5178e-03   1.3017e-02   3.6561e-01
7.0e-01   8.0755e-01   2.7338e+00   4.2005e-05   5.8485e-03   8.4010e-03   4.3309e-01
5.0e-01   8.0244e-01   3.2499e+00   5.3919e-05   9.5327e-03   5.3919e-03   4.9297e-01
3.0e-01   7.4417e-01   3.3511e+00   6.4945e-05   2.2130e-02   2.5978e-03   3.3781e-01
2.0e-01   7.3399e-01   3.8424e+00   3.4877e-05   2.3927e-02   1.3951e-03   3.6483e-01
1.0e-01   6.6777e-01   4.1567e+00   1.6602e-05   3.8561e-02   4.7434e-04   3.9121e-01
7.0e-02   7.1773e-01   5.0811e+00   2.6195e-05   6.5094e-02   2.6195e-04   3.9561e-01
5.0e-02   6.2881e-01   4.6979e+00   7.4208e-06   6.4961e-02   1.4842e-04   3.9462e-01
3.0e-02   5.0462e-01   3.9722e+00   9.3328e-06   1.2713e-01   6.2218e-05   3.8500e-01
2.0e-02   5.2937e-01   4.7855e+00   4.7074e-06   1.8473e-01   1.5691e-05   3.7201e-01
1.0e-02   0.0000e+00   -1.7680e+00   3.7014e-06   1.7068e-01   1.0575e-05   1.7068e-01
7.0e-03   0.0000e+00   -1.5246e+00   1.5066e-07   2.1771e-01   6.0263e-06   2.1771e-01
5.0e-03   0.0000e+00   -1.1595e+00   1.2586e-07   3.1365e-01   3.5960e-06   3.1365e-01
57  3306  138.91000  6.1500E+00  La
43   Number of energies, this element
1.0e+06   9.9041e-01   -2.2619e+01   1.5360e-04   3.8809e-14   1.0752e+00   2.8538e-10
7.0e+05   9.8780e-01   -2.1964e+01   1.4890e-04   7.7663e-14   1.4890e+00   5.7097e-10
5.0e+05   9.7805e-01   -2.1318e+01   1.4448e-04   1.4938e-13   1.0113e+00   1.0978e-09
3.0e+05   9.7370e-01   -2.0308e+01   1.3779e-04   4.0288e-13   1.3779e+00   2.9601e-09
2.0e+05   9.6936e-01   -1.9662e+01   1.3253e-04   8.8504e-13   2.6505e+00   6.5009e-09
1.0e+05   9.5758e-01   -1.8271e+01   1.2374e-04   3.3933e-12   1.2374e+00   2.4911e-08
7.0e+04   9.5267e-01   -1.7583e+01   1.1905e-04   6.7712e-12   1.1905e+00   4.9699e-08
5.0e+04   9.6024e-01   -1.6983e+01   1.1463e-04   1.2986e-11   1.1463e+00   9.5284e-08
3.0e+04   9.5875e-01   -1.5878e+01   1.0794e-04   3.4874e-11   1.0794e+00   2.5577e-07
2.0e+04   9.5498e-01   -1.5129e+01   1.0267e-04   7.6324e-11   1.0267e+00   5.5961e-07
1.0e+04   9.3408e-01   -1.3940e+01   9.3881e-05   2.9071e-10   1.8776e+00   2.1298e-06
7.0e+03   9.3960e-01   -1.3177e+01   8.9185e-05   5.7792e-10   1.7837e+00   4.2328e-06
5.0e+03   9.7387e-01   -1.2475e+01   1.6952e-04   1.1045e-09   1.6952e+00   8.0858e-06
3.0e+03   9.3726e-01   -1.1452e+01   7.8052e-04   2.1078e-08   1.5610e+00   2.1576e-05
2.0e+03   9.6109e-01   -1.0642e+01   1.4553e-04   6.4219e-09   1.4553e+00   4.6957e-05
1.0e+03   9.4784e-01   -9.3648e+00   1.2793e-04   2.4214e-08   1.2793e+00   1.7678e-04
7.0e+02   9.9549e-01   -8.5118e+00   1.7776e-04   4.7833e-08   1.1851e+00   3.4884e-04
5.0e+02   1.0007e+00   -7.8481e+00   1.6447e-04   9.0746e-08   1.0965e+00   6.6079e-04
3.0e+02   9.5393e-01   -7.0613e+00   1.4440e-04   2.3867e-07   9.6269e-01   9.4549e-04
2.0e+02   9.7811e-01   -6.1479e+00   1.2868e-04   5.1097e-07   8.5786e-01   2.0198e-03
1.0e+02   9.3805e-01   -5.1578e+00   1.0284e-04   1.6921e-06   6.8558e-01   6.1525e-03
7.0e+01   9.3524e-01   -4.4547e+00   8.9455e-05   3.0071e-06   5.9637e-01   8.1579e-03
5.0e+01   9.2831e-01   -3.9435e+00   1.2876e-04   5.6198e-06   5.1506e-01   1.5205e-02
3.0e+01   9.5199e-01   -2.8213e+00   1.9973e-04   1.3847e-05   3.9947e-01   2.2796e-02
2.0e+01   9.1245e-01   -2.2351e+00   1.5849e-04   3.8233e-05   3.1698e-01   4.3736e-02
1.0e+01   9.2812e-01   -9.9144e-01   2.0066e-04   1.0310e-04   2.0066e-01   7.8440e-02
7.0e+00   8.9866e-01   -5.2211e-01   2.2964e-04   3.2109e-04   1.5309e-01   1.2156e-01
5.0e+00   8.8234e-01   -1.5363e-02   1.7437e-04   4.6806e-04   1.1625e-01   1.7644e-01
3.0e+00   8.6964e-01   7.3745e-01   1.8432e-04   1.1563e-03   7.3729e-02   2.8879e-01
2.0e+00   8.7409e-01   1.3586e+00   1.2412e-04   1.6181e-03   4.9647e-02   4.0225e-01
1.0e+00   9.4368e-01   2.6628e+00   2.3381e-04   4.2495e-03   2.3381e-02   4.4190e-01
7.0e-01   8.0759e-01   2.4530e+00   7.5743e-05   7.1075e-03   1.5149e-02   5.2649e-01
5.0e-01   9.1376e-01   3.6979e+00   1.4630e-04   1.1607e-02   4.8765e-03   3.5517e-01
3.0e-01   8.1707e-01   3.7030e+00   1.1802e-04   2.6910e-02   2.3604e-03   4.1073e-01
2.0e-01   7.3394e-01   3.5936e+00   6.3607e-05   2.9013e-02   2.5443e-03   4.4231e-01
1.0e-01   7.7681e-01   4.8288e+00   8.6871e-05   7.7069e-02   4.3435e-04   3.1069e-01
7.0e-02   7.1757e-01   4.8147e+00   4.8077e-05   7.7232e-02   4.8077e-04   4.6920e-01
5.0e-02   6.2615e-01   4.4509e+00   2.7295e-05   1.0689e-01   2.7295e-04   4.6316e-01
3.0e-02   8.6107e-01   7.6008e+00   1.7222e-05   1.4678e-01   5.7406e-05   4.4438e-01
2.0e-02   5.2917e-01   4.5881e+00   8.7139e-06   2.1056e-01   2.9047e-05   4.2393e-01
1.0e-02   1.2178e+00   1.3516e+01   4.9220e-06   2.5483e-01   6.8909e-06   3.8389e-01
7.0e-03   0.0000e+00   -1.4232e+00   1.1268e-07   2.4093e-01   1.1268e-05   2.4093e-01
5.0e-03   0.0000e+00   -1.0669e+00   1.0135e-07   3.4409e-01   6.7567e-06   3.4409e-01
64  4160  157.25000  7.8700E+00  Gd
43   Number of energies, this element
1.0e+06   9.4226e-01   -2.2474e+01   7.8169e-05   3.9485e-14   7.8169e-01   2.9033e-10
7.0e+05   9.2982e-01   -2.1851e+01   7.5808e-05   7.9007e-14   7.5808e-01   5.8074e-10
5.0e+05   9.5044e-01   -2.1097e+01   7.3581e-05   1.5194e-13   7.3581e-01   1.1167e-09
3.0e+05   9.2995e-01   -2.0152e+01   7.0218e-05   4.0971e-13   7.0218e-01   3.0103e-09
2.0e+05   9.2772e-01   -1.9284e+01   6.7569e-05   8.9998e-13   6.7569e-01   6.6103e-09
1.0e+05   1.0187e+00   -1.7717e+01   1.8044e-04   3.4499e-12   9.0218e-01   2.5326e-08
7.0e+04   9.9028e-01   -1.7272e+01   2.6054e-04   6.8839e-12   1.7369e+00   5.0510e-08
5.0e+04   1.0522e+00   -1.6281e+01   2.5101e-04   1.3201e-11   8.3669e-01   9.6844e-08
3.0e+04   1.0255e+00   -1.5408e+01   2.3658e-04   3.5442e-11   7.8859e-01   2.5992e-07
2.0e+04   1.0302e+00   -1.4462e+01   2.2522e-04   7.7558e-11   7.5073e-01   5.6856e-07
1.0e+04   9.1605e-01   -1.3628e+01   6.8759e-05   2.9533e-10   1.3752e+00   2.1635e-06
7.0e+03   9.4735e-01   -1.2840e+01   6.5384e-05   5.8701e-10   1.3077e+00   4.2993e-06
5.0e+03   9.4292e-01   -1.2083e+01   6.2205e-05   1.1218e-09   1.2441e+00   8.2119e-06
3.0e+03   9.3036e-01   -1.1250e+01   5.7384e-05   2.9948e-09   1.1477e+00   2.1911e-05
2.0e+03   9.2324e-01   -1.0499e+01   5.3583e-05   6.5215e-09   1.0717e+00   4.7682e-05
1.0e+03   9.4698e-01   -9.1015e+00   9.4506e-05   2.4593e-08   9.4506e-01   1.7957e-04
7.0e+02   9.4644e-01   -8.4452e+00   8.7732e-05   4.8593e-08   8.7732e-01   3.5445e-04
5.0e+02   9.3988e-01   -7.7715e+00   8.1353e-05   9.2223e-08   8.1353e-01   6.7183e-04
3.0e+02   1.0178e+00   -6.5573e+00   2.5099e-04   2.4282e-07   7.1711e-01   9.6236e-04
2.0e+02   9.9894e-01   -5.7722e+00   2.2450e-04   5.2078e-07   6.4144e-01   2.0599e-03
1.0e+02   9.8036e-01   -4.6213e+00   1.8084e-04   1.7333e-06   5.1669e-01   6.3111e-03
7.0e+01   9.6617e-01   -4.0262e+00   1.5809e-04   3.0963e-06   4.5170e-01   8.4130e-03
5.0e+01   9.4964e-01   -3.5151e+00   1.3726e-04   5.8271e-06   3.9217e-01   1.5791e-02
3.0e+01   9.2780e-01   -2.5540e+00   1.5347e-04   2.0800e-05   3.0693e-01   2.4014e-02
2.0e+01   8.9905e-01   -1.9652e+00   1.2274e-04   4.0796e-05   2.4547e-01   4.6762e-02
1.0e+01   8.7021e-01   -9.1246e-01   1.5754e-04   2.2594e-04   1.5754e-01   8.6059e-02
7.0e+00   8.8831e-01   -2.1578e-01   1.8141e-04   3.5629e-04   1.2094e-01   1.3505e-01
5.0e+00   8.7293e-01   2.2999e-01   1.3846e-04   5.2497e-04   9.2303e-02   1.9811e-01
3.0e+00   8.6883e-01   1.0192e+00   1.4729e-04   1.3142e-03   5.8914e-02   3.2848e-01
2.0e+00   9.6643e-01   2.1821e+00   1.9912e-04   1.8534e-03   3.9824e-02   4.6101e-01
1.0e+00   8.8194e-01   2.7916e+00   9.4234e-05   4.9034e-03   1.8847e-02   5.0998e-01
7.0e-01   9.4049e-01   3.6144e+00   1.8357e-04   8.2088e-03   1.2238e-02   6.0805e-01
5.0e-01   9.1377e-01   4.0359e+00   1.1844e-04   1.3417e-02   3.9480e-03   4.1057e-01
3.0e-01   8.1702e-01   4.0171e+00   9.5806e-05   3.1079e-02   1.9161e-03   4.7428e-01
2.0e-01   7.3391e-01   3.8839e+00   5.1747e-05   3.3344e-02   2.0699e-03   5.0825e-01
1.0e-01   6.0303e-01   3.6887e+00   3.5484e-05   8.7627e-02   7.0969e-04   5.3255e-01
7.0e-02   1.0593e+00   8.4171e+00   3.9402e-05   8.7243e-02   1.9701e-04   5.2989e-01
5.0e-02   6.2605e-01   4.6878e+00   2.2452e-05   1.1999e-01   2.2452e-04   5.1981e-01
3.0e-02   6.1286e-01   5.3270e+00   9.5121e-06   1.6332e-01   4.7560e-05   4.9438e-01
2.0e-02   5.2912e-01   4.7840e+00   7.2733e-06   2.3290e-01   2.4245e-05   4.6887e-01
1.0e-02   1.2178e+00   1.3813e+01   4.1654e-06   2.7971e-01   5.8316e-06   4.2137e-01
7.0e-03   0.0000e+00   -1.3328e+00   1.4453e-07   2.6375e-01   9.6353e-06   2.6375e-01
5.0e-03   0.0000e+00   -9.7790e-01   1.4600e-07   3.7610e-01   5.8399e-06   3.7610e-01
72  5256  178.49000  1.1400E+01  Hf
44   Number of energies, this element
1.0e+06   9.3938e-01   -2.1958e+01   7.2015e-05   5.7739e-14   5.0410e-01   2.9711e-10
7.0e+05   9.3937e-01   -2.1237e+01   6.9863e-05   1.1550e-13   4.8904e-01   5.9425e-10
5.0e+05   9.4005e-01   -2.0602e+01   6.7834e-05   2.2210e-13   4.7483e-01   1.1424e-09
3.0e+05   9.1892e-01   -1.9697e+01   6.4768e-05   5.9882e-13   6.4768e-01   3.0796e-09
2.0e+05   9.2659e-01   -1.8864e+01   6.2355e-05   1.3152e-12   6.2355e-01   6.7610e-09
1.0e+05   9.7062e-01   -1.7508e+01   1.1666e-04   5.0402e-12   5.8329e-01   2.5898e-08
7.0e+04   9.7133e-01   -1.6766e+01   1.1236e-04   1.0056e-11   5.6179e-01   5.1655e-08
5.0e+04   9.2812e-01   -1.6330e+01   1.0830e-04   1.9282e-11   1.0830e+00   9.9011e-08
3.0e+04   9.4124e-01   -1.5162e+01   1.0217e-04   5.1756e-11   5.1083e-01   2.6567e-07
2.0e+04   9.3322e-01   -1.4360e+01   9.7335e-05   1.1325e-10   9.7335e-01   5.8113e-07
1.0e+04   9.0724e-01   -1.3258e+01   8.9278e-05   4.3111e-10   8.9278e-01   2.2104e-06
7.0e+03   9.2329e-01   -1.2524e+01   8.4972e-05   8.5686e-10   8.4972e-01   4.3918e-06
5.0e+03   9.1399e-01   -1.1916e+01   8.0914e-05   1.6370e-09   8.0914e-01   8.3886e-06
3.0e+03   9.5773e-01   -1.0641e+01   1.1214e-04   4.3697e-09   7.4761e-01   2.2375e-05
2.0e+03   9.5747e-01   -9.9169e+00   1.0487e-04   9.5147e-09   6.9910e-01   4.8690e-05
1.0e+03   9.3836e-01   -8.5806e+00   9.2743e-05   3.5878e-08   6.1829e-01   1.8338e-04
7.0e+02   9.2840e-01   -8.0301e+00   8.6253e-05   7.0893e-08   5.7502e-01   1.9715e-04
5.0e+02   9.4452e-01   -7.2131e+00   8.0140e-05   1.3459e-07   5.3427e-01   6.8650e-04
3.0e+02   9.6682e-01   -6.2174e+00   1.1815e-04   3.5472e-07   4.7261e-01   9.8436e-04
2.0e+02   9.4803e-01   -5.5189e+00   1.0604e-04   7.6173e-07   4.2414e-01   2.1102e-03
1.0e+02   9.1372e-01   -4.4123e+00   8.6006e-05   2.5459e-06   3.4403e-01   6.4955e-03
7.0e+01   9.6282e-01   -3.5291e+00   1.0572e-04   4.5685e-06   3.0207e-01   1.2705e-02
5.0e+01   9.8649e-01   -2.8516e+00   1.3173e-04   8.6516e-06   2.6346e-01   1.6447e-02
3.0e+01   9.3118e-01   -2.1007e+00   1.0391e-04   2.1906e-05   2.0781e-01   2.5334e-02
2.0e+01   9.3655e-01   -1.3702e+00   1.6731e-04   4.3549e-05   1.6731e-01   5.0012e-02
1.0e+01   9.1124e-01   -2.0487e-01   1.0866e-04   2.4720e-04   1.0866e-01   1.4001e-01
7.0e+00   8.5787e-01   7.1608e-02   8.3877e-05   3.9444e-04   8.3877e-02   1.4968e-01
5.0e+00   8.4944e-01   5.7380e-01   6.4314e-05   5.8694e-04   6.4314e-02   2.2171e-01
3.0e+00   8.4612e-01   1.2841e+00   1.0325e-04   1.4875e-03   4.1299e-02   2.6040e-01
2.0e+00   8.4333e-01   1.9468e+00   9.8101e-05   3.5230e-03   2.8029e-02   3.6866e-01
1.0e+00   8.6106e-01   3.1485e+00   6.6701e-05   7.8895e-03   1.3340e-02   5.8611e-01
7.0e-01   8.3823e-01   3.3274e+00   8.6855e-05   9.4472e-03   8.6855e-03   4.1366e-01
5.0e-01   9.1376e-01   4.4870e+00   8.4286e-05   1.5438e-02   2.8096e-03   4.7240e-01
3.0e-01   7.8166e-01   4.1590e+00   6.8529e-05   3.5651e-02   2.7412e-03   5.4403e-01
2.0e-01   7.5397e-01   4.4629e+00   3.7185e-05   3.8157e-02   1.4874e-03   5.8153e-01
1.0e-01   6.2889e-01   4.3430e+00   2.5671e-05   9.9327e-02   5.1342e-04   6.0352e-01
7.0e-02   1.0738e+00   9.0197e+00   2.8631e-05   9.8267e-02   1.0021e-04   3.9589e-01
5.0e-02   8.3658e-01   7.2169e+00   1.6393e-05   1.3432e-01   5.7375e-05   3.8605e-01
3.0e-02   7.5299e-01   7.2655e+00   7.0090e-06   1.8124e-01   1.7523e-05   3.6408e-01
2.0e-02   5.6737e-01   5.5217e+00   5.4097e-06   2.5693e-01   9.0162e-06   3.4331e-01
1.0e-02   0.0000e+00   -1.1840e+00   1.2614e-07   3.0606e-01   1.2614e-05   3.0606e-01
7.0e-03   0.0000e+00   -1.2458e+00   1.1088e-07   2.8771e-01   7.3923e-06   2.8771e-01
5.0e-03   0.0000e+00   -8.9282e-01   1.1360e-07   4.0950e-01   4.5440e-06   4.0950e-01
3.0e-03   0.0000e+00   -9.6640e-01   1.1120e-07   3.8045e-01   2.2240e-06   3.8045e-01
74  5550  183.85000  1.9300E+01  W
40   Number of energies, this element
1.0e+06   9.4414e-01   -2.1400e+01   4.1902e-05   5.8073e-14   2.9331e-01   2.9884e-10
7.0e+05   9.3571e-01   -2.0744e+01   4.0653e-05   1.1618e-13   4.0653e-01   5.9776e-10
5.0e+05   9.2821e-01   -2.0154e+01   3.9475e-05   2.2341e-13   2.7633e-01   1.1491e-09
3.0e+05   9.0260e-01   -1.9292e+01   3.7697e-05   6.0230e-13   3.7696e-01   3.0974e-09
2.0e+05   9.2986e-01   -1.8303e+01   3.6296e-05   1.3228e-12   3.6296e-01   6.8004e-09
1.0e+05   9.7033e-01   -1.6670e+01   6.7920e-03   5.1438e-10   3.3960e-01   2.6045e-08
7.0e+04   9.4884e-01   -1.6348e+01   6.5424e-05   1.0112e-11   6.5424e-01   5.1936e-08
5.0e+04   9.5938e-01   -1.5513e+01   6.3072e-05   1.9390e-11   3.1536e-01   9.9563e-08
3.0e+04   9.2943e-01   -1.4808e+01   5.9510e-05   5.2045e-11   5.9510e-01   2.6715e-07
2.0e+04   9.4178e-01   -1.3846e+01   5.6707e-05   1.1388e-10   2.8353e-01   5.8429e-07
1.0e+04   8.8820e-01   -1.2865e+01   5.2032e-05   4.3347e-10   5.2032e-01   2.2225e-06
7.0e+03   9.4136e-01   -1.1814e+01   4.9533e-05   8.6150e-10   4.9533e-01   4.4157e-06
5.0e+03   9.2862e-01   -1.1267e+01   4.7178e-05   1.6460e-09   4.7178e-01   8.4336e-06
3.0e+03   9.5114e-01   -1.0161e+01   6.5410e-05   4.3931e-09   4.3607e-01   2.2495e-05
2.0e+03   9.4257e-01   -9.5097e+00   6.1188e-05   9.5654e-09   4.0792e-01   4.8950e-05
1.0e+03   9.5530e-01   -8.0027e+00   5.4153e-05   3.6071e-08   3.6102e-01   1.8438e-04
7.0e+02   9.3754e-01   -7.4617e+00   5.0385e-05   7.1284e-08   3.3590e-01   3.6404e-04
5.0e+02   9.2393e-01   -6.8274e+00   4.6836e-05   1.3534e-07   3.1224e-01   6.9039e-04
3.0e+02   9.7671e-01   -5.5512e+00   6.9108e-05   3.5679e-07   2.7643e-01   1.8158e-03
2.0e+02   9.5857e-01   -4.9351e+00   6.2069e-05   7.6649e-07   2.4828e-01   3.8895e-03
1.0e+02   9.2323e-01   -3.8414e+00   5.0424e-05   2.5656e-06   2.0170e-01   6.5492e-03
7.0e+01   9.9567e-01   -2.8695e+00   8.8632e-05   4.6104e-06   1.7726e-01   1.2828e-02
5.0e+01   9.7680e-01   -2.3713e+00   7.7381e-05   8.7452e-06   1.5476e-01   1.6630e-02
3.0e+01   9.3122e-01   -1.5928e+00   6.1134e-05   2.2210e-05   1.2227e-01   2.5694e-02
2.0e+01   9.5533e-01   -7.1418e-01   9.8572e-05   4.4293e-05   9.8572e-02   5.0889e-02
1.0e+01   8.9168e-01   1.5031e-01   6.4160e-05   2.5286e-04   6.4160e-02   9.6457e-02
7.0e+00   8.9892e-01   7.2416e-01   7.4356e-05   4.0445e-04   4.9571e-02   1.5351e-01
5.0e+00   8.4183e-01   1.0090e+00   3.8037e-05   6.0301e-04   3.8037e-02   2.2782e-01
3.0e+00   8.6892e-01   1.9373e+00   6.1120e-05   1.5317e-03   2.4448e-02   3.8317e-01
2.0e+00   8.4333e-01   2.4188e+00   5.8110e-05   3.6319e-03   1.6603e-02   3.8007e-01
1.0e+00   8.6105e-01   3.6298e+00   3.9551e-05   8.1409e-03   7.9102e-03   6.0480e-01
7.0e-01   8.3822e-01   3.7965e+00   5.1532e-05   9.7498e-03   5.1532e-03   4.2691e-01
5.0e-01   8.1658e-01   4.1397e+00   5.0041e-05   1.5931e-02   3.3360e-03   4.8748e-01
3.0e-01   7.6420e-01   4.4060e+00   4.0723e-05   3.6781e-02   1.6289e-03   5.6127e-01
2.0e-01   8.7509e-01   5.8467e+00   4.4213e-05   3.9333e-02   8.8426e-04   5.9942e-01
1.0e-01   6.1520e-01   4.5295e+00   1.5250e-05   1.0212e-01   1.5250e-04   4.1154e-01
7.0e-02   1.0738e+00   9.6067e+00   1.6980e-05   1.0086e-01   5.9429e-05   4.0632e-01
5.0e-02   8.3659e-01   7.6814e+00   9.6892e-06   1.3764e-01   3.3912e-05   3.9560e-01
3.0e-02   5.2401e-01   4.8938e+00   4.0945e-06   1.8532e-01   1.4331e-05   3.7227e-01
2.0e-02   5.6732e-01   5.8585e+00   3.0952e-06   2.6230e-01   5.1588e-06   3.5048e-01
79  6320  196.98700  1.9300E+01  Au
40   Number of energies, this element
1.0e+06   9.8345e-01   -2.1118e+01   8.0575e-05   5.8878e-14   2.8201e-01   3.0297e-10
7.0e+05   9.7405e-01   -2.0483e+01   7.8185e-05   1.1778e-13   2.7365e-01   6.0602e-10
5.0e+05   9.4512e-01   -2.0065e+01   7.5932e-05   2.2646e-13   2.6576e-01   1.1649e-09
3.0e+05   9.4840e-01   -1.9091e+01   7.2528e-05   6.1057e-13   3.6264e-01   3.1394e-09
2.0e+05   9.4194e-01   -1.8261e+01   6.9847e-05   1.3407e-12   3.4924e-01   6.8917e-09
1.0e+05   9.6904e-01   -1.6803e+01   6.5377e-05   5.1366e-12   3.2689e-01   2.6392e-08
7.0e+04   9.4949e-01   -1.6203e+01   6.2989e-05   1.0246e-11   3.1495e-01   5.2628e-08
5.0e+04   9.6427e-01   -1.5405e+01   6.0738e-05   1.9646e-11   3.0369e-01   1.0087e-07
3.0e+04   9.5750e-01   -1.4560e+01   8.5996e-05   5.2734e-11   2.8665e-01   2.7063e-07
2.0e+04   9.7512e-01   -1.3642e+01   8.1972e-05   1.1536e-10   2.7324e-01   5.9175e-07
1.0e+04   9.4350e-01   -1.2430e+01   7.5262e-05   4.3901e-10   5.0175e-01   2.2508e-06
7.0e+03   9.4803e-01   -1.1708e+01   7.1675e-05   8.7246e-10   4.7783e-01   4.4715e-06
5.0e+03   9.5872e-01   -1.1130e+01   6.8295e-05   1.6667e-09   4.5530e-01   8.5392e-06
3.0e+03   9.5265e-01   -1.0071e+01   6.3170e-05   4.4478e-09   4.2113e-01   2.2774e-05
2.0e+03   9.7449e-01   -9.2732e+00   5.9129e-05   9.6840e-09   3.9420e-01   4.9559e-05
1.0e+03   9.6650e-01   -7.9991e+00   8.7327e-05   3.6514e-08   3.4931e-01   1.8663e-04
7.0e+02   9.9062e-01   -7.1226e+00   8.1317e-05   7.2160e-08   3.2527e-01   3.6853e-04
5.0e+02   9.7191e-01   -6.5266e+00   7.5653e-05   1.3702e-07   1.5131e-01   3.8077e-04
3.0e+02   9.7316e-01   -5.5199e+00   6.7079e-05   3.6130e-07   2.6832e-01   1.8390e-03
2.0e+02   9.6182e-01   -4.8635e+00   8.4465e-05   7.7658e-07   2.4133e-01   2.1521e-03
1.0e+02   9.5172e-01   -3.6639e+00   6.8823e-05   2.6047e-06   1.9664e-01   6.6551e-03
7.0e+01   9.5057e-01   -3.0085e+00   6.0600e-05   4.6925e-06   1.7314e-01   1.3068e-02
5.0e+01   9.5901e-01   -2.3315e+00   5.3012e-05   8.9253e-06   1.5146e-01   1.6990e-02
3.0e+01   8.7997e-01   -1.7700e+00   4.2025e-05   2.2800e-05   1.2007e-01   2.6399e-02
2.0e+01   9.2261e-01   -8.1569e-01   9.7096e-05   9.1523e-05   9.7096e-02   5.2617e-02
1.0e+01   8.6281e-01   2.4879e-02   6.3560e-05   2.6428e-04   6.3560e-02   1.0088e-01
7.0e+00   8.8687e-01   8.4350e-01   4.9251e-05   4.2517e-04   4.9251e-02   2.3933e-01
5.0e+00   8.3596e-01   1.0043e+00   3.7897e-05   6.3711e-04   3.7897e-02   2.4083e-01
3.0e+00   8.6896e-01   1.9990e+00   6.1152e-05   1.6294e-03   2.4461e-02   4.0779e-01
2.0e+00   8.6934e-01   2.6903e+00   5.8338e-05   3.8819e-03   1.6668e-02   5.7985e-01
1.0e+00   8.5258e-01   3.6022e+00   3.9928e-05   8.7623e-03   7.9856e-03   6.5109e-01
7.0e-01   7.3863e-01   3.2039e+00   5.2168e-05   1.5037e-02   5.2168e-03   4.6086e-01
5.0e-01   8.0840e-01   4.2907e+00   3.3847e-05   1.7233e-02   1.6924e-03   5.2736e-01
3.0e-01   7.6418e-01   4.4704e+00   4.1427e-05   3.9754e-02   1.6571e-03   6.0659e-01
2.0e-01   8.7505e-01   5.9046e+00   4.5070e-05   4.2396e-02   9.0141e-04   6.4603e-01
1.0e-01   6.1517e-01   4.5834e+00   1.5594e-05   1.0930e-01   1.5594e-04   4.4044e-01
7.0e-02   1.0737e+00   9.6435e+00   1.7399e-05   1.0751e-01   6.0896e-05   4.3307e-01
5.0e-02   5.1772e-01   4.3527e+00   4.9751e-06   1.4616e-01   3.4826e-05   4.2006e-01
3.0e-02   5.2395e-01   4.9320e+00   4.2219e-06   1.9579e-01   1.4777e-05   3.9327e-01
2.0e-02   5.6731e-01   5.8903e+00   3.2040e-06   2.7615e-01   5.3400e-06   3.6898e-01
92  8556  232.03600  1.8900E+01  U
40   Number of energies, this element
1.0e+06   9.6174e-01   -2.1244e+01   1.1597e-04   1.2170e-13   3.8657e-01   3.1306e-10
7.0e+05   9.5565e-01   -2.0575e+01   1.1257e-04   2.4343e-13   2.6266e-01   6.2604e-10
5.0e+05   9.8561e-01   -1.9747e+01   1.0936e-04   4.6792e-13   2.5518e-01   1.2033e-09
3.0e+05   9.7662e-01   -1.8855e+01   1.0451e-04   1.2613e-12   3.4838e-01   3.2421e-09
2.0e+05   9.2102e-01   -1.8399e+01   1.0070e-04   2.7693e-12   2.3496e-01   7.1161e-09
1.0e+05   9.6853e-01   -1.6795e+01   9.4335e-05   1.0608e-11   3.1445e-01   2.7241e-08
7.0e+04   9.4914e-01   -1.6130e+01   9.0935e-05   2.1154e-11   3.0312e-01   5.4313e-08
5.0e+04   9.6513e-01   -1.5378e+01   8.7731e-05   4.0550e-11   2.9244e-01   1.0408e-07
3.0e+04   9.6463e-01   -1.4374e+01   8.2879e-05   1.0880e-10   2.7626e-01   2.7913e-07
2.0e+04   9.1562e-01   -1.3846e+01   7.9060e-05   2.3795e-10   5.2707e-01   6.1024e-07
1.0e+04   9.7096e-01   -1.2234e+01   1.2115e-04   9.0523e-10   4.8461e-01   2.3195e-06
7.0e+03   9.1619e-01   -1.1904e+01   1.1548e-04   1.7980e-09   4.6191e-01   4.6059e-06
5.0e+03   9.8586e-01   -1.0824e+01   1.1013e-04   3.4337e-09   4.4053e-01   8.7926e-06
3.0e+03   9.6557e-01   -9.9659e+00   1.0203e-04   9.1601e-09   4.0811e-01   2.3447e-05
2.0e+03   9.5564e-01   -9.2617e+00   9.5635e-05   1.9940e-08   3.8254e-01   5.1018e-05
1.0e+03   9.6597e-01   -7.8444e+00   1.1897e-04   7.5182e-08   3.3992e-01   1.9211e-04
7.0e+02   9.8146e-01   -7.1124e+00   1.1098e-04   1.4859e-07   3.1708e-01   3.7943e-04
5.0e+02   9.4982e-01   -6.5952e+00   1.0344e-04   2.8221e-07   2.9554e-01   7.2003e-04
3.0e+02   9.5637e-01   -5.5392e+00   9.2016e-05   7.4500e-07   2.6290e-01   1.8971e-03
2.0e+02   9.5058e-01   -4.8381e+00   1.1859e-04   1.6036e-06   2.3717e-01   2.2228e-03
1.0e+02   9.5265e-01   -3.6107e+00   9.7220e-05   5.4049e-06   1.9444e-01   6.9219e-03
7.0e+01   9.4927e-01   -2.9640e+00   8.5936e-05   9.7948e-06   1.7187e-01   1.3662e-02
5.0e+01   9.4306e-01   -2.3133e+00   7.5487e-05   1.8743e-05   1.5097e-01   2.6040e-02
3.0e+01   8.6140e-01   -1.8898e+00   6.0278e-05   4.8430e-05   1.2056e-01   2.8078e-02
2.0e+01   9.2282e-01   -7.4990e-01   9.8121e-05   9.8540e-05   9.8121e-02   5.6769e-02
1.0e+01   9.0833e-01   4.0725e-01   9.7522e-05   2.9262e-04   6.5014e-02   1.6630e-01
7.0e+00   9.0810e-01   9.4604e-01   1.2670e-04   4.7737e-04   5.0682e-02   1.8153e-01
5.0e+00   8.4308e-01   1.2584e+00   5.8819e-05   1.0860e-03   3.9213e-02   2.7398e-01
3.0e+00   8.9329e-01   2.3409e+00   8.9303e-05   1.8804e-03   2.5515e-02   4.7104e-01
2.0e+00   8.5444e-01   2.6939e+00   6.1237e-05   4.5253e-03   1.7496e-02   4.7395e-01
1.0e+00   8.2897e-01   3.5635e+00   4.2347e-05   1.0351e-02   4.2347e-03   4.5418e-01
7.0e-01   9.2887e-01   4.7961e+00   8.3415e-05   1.7840e-02   2.7805e-03   5.4681e-01
5.0e-01   8.8817e-01   5.0242e+00   9.0589e-05   4.0991e-02   1.8118e-03   6.2678e-01
3.0e-01   7.7799e-01   4.7657e+00   4.4613e-05   4.7027e-02   8.9227e-04   4.7538e-01
2.0e-01   7.0339e-01   4.7517e+00   3.4123e-05   7.4690e-02   3.4123e-04   5.0260e-01
1.0e-01   7.2916e-01   5.8629e+00   1.6966e-05   1.2585e-01   1.1876e-04   5.0704e-01
7.0e-02   7.2896e-01   6.2562e+00   9.4995e-06   1.2246e-01   6.6496e-05   4.9318e-01
5.0e-02   6.0179e-01   5.4217e+00   5.4537e-06   1.6485e-01   2.7269e-05   4.7367e-01
3.0e-02   5.2388e-01   4.9859e+00   4.6616e-06   2.1781e-01   1.6315e-05   4.3745e-01
2.0e-02   0.0000e+00   -1.1898e+00   1.1880e-07   3.0427e-01   2.3759e-05   3.0427e-01
