 &SCPRDT                                                                        
 QCAP=                                                                          
  0.00,     0.05,     0.10,     0.15,     0.20,     0.30,     0.40,             
  0.50,     0.60,     0.70,     0.80,     1.00,     1.20,     1.40,             
  1.60,     1.80,     2.00,     2.40,     3.00,     4.00,     5.00,             
  6.00,     7.00,     8.00,     10.00,    15.00,    20.00,    30.00,            
  40.00,    60.00,    100.00,                                                   
 MXRAW=1
 MXSHEL= 1,                                                                    
 ELECNI= 1.,                                                            
 NSHELL= 1, 
 CAPIN=  0.014E-03,
 SCPROF= 
  8.49E-01,  8.42E-01,  8.24E-01,  7.94E-01,  7.55E-01,  6.55E-01,  5.44E-01,  
  4.35E-01,  3.37E-01,  2.57E-01,  1.92E-01,  1.06E-01,  5.84E-02,  3.27E-02,  
  1.88E-02,  1.11E-02,  6.79E-03,  2.75E-03,  8.49E-04,  1.73E-04,  4.83E-05,  
  1.68E-05,  6.79E-06,  3.09E-06,  8.2E-07,   7.4E-08,   1.3E-08,   1.2E-09,   
  2.3E-10,   4.3E-11,   2.6E-11,   
  8.49E-01,  8.42E-01,  8.24E-01,  7.94E-01,  7.55E-01,  6.55E-01,  5.44E-01,  
  4.35E-01,  3.37E-01,  2.57E-01,  1.92E-01,  1.06E-01,  5.84E-02,  3.27E-02,  
  1.88E-02,  1.11E-02,  6.79E-03,  2.75E-03,  8.49E-04,  1.73E-04,  4.83E-05,  
  1.68E-05,  6.79E-06,  3.09E-06,  8.2E-07,   7.4E-08,   1.3E-08,   1.2E-09,   
  2.3E-10,   4.3E-11,   2.6E-11,   
 &END
