 &SCPRDT                                                                        
 QCAP=                                                                          
  0.00,     0.05,     0.10,     0.15,     0.20,     0.30,     0.40,             
  0.50,     0.60,     0.70,     0.80,     1.00,     1.20,     1.40,             
  1.60,     1.80,     2.00,     2.40,     3.00,     4.00,     5.00,             
  6.00,     7.00,     8.00,     10.00,    15.00,    20.00,    30.00,            
  40.00,    60.00,    100.00,                                                   
 MXRAW=1
 MXSHEL= 1,                                                                    
 ELECNI=2., 
 NSHELL= 1, 
 CAPIN=  0.0246E-03, 
 SCPROF= 
  5.35E-01,  5.34E-01,  5.28E-01,  5.20E-01,  5.09E-01,  4.78E-01,  4.39E-01,  
  3.96E-01,  3.50E-01,  3.06E-01,  2.64E-01,  1.91E-01,  1.36E-01,  9.55E-02,  
  6.72E-02,  4.76E-02,  3.40E-02,  1.79E-02,  7.40E-03,  2.06E-03,  6.98E-04,  
  2.74E-04,  1.20E-04,  5.78E-05,  1.6E-05,   1.6E-06,   2.9E-07,   2.6E-08,   
  4.7E-09,   4.3E-10,   3.9E-11,   
  1.07E+00,  1.07E+00,  1.06E+00,  1.04E+00,  1.02E+00,  9.56E-01,  8.78E-01,  
  7.91E-01,  7.00E-01,  6.11E-01,  5.27E-01,  3.82E-01,  2.71E-01,  1.91E-01,  
  1.34E-01,  9.52E-02,  6.80E-02,  3.58E-02,  1.48E-02,  4.13E-03,  1.40E-03,  
  5.47E-04,  2.40E-04,  1.16E-04,  3.3E-05,   3.2E-06,   5.8E-07,   5.2E-08,   
  9.3E-09,   8.6E-10,   7.8E-11,   
 &END                                                                           
