 &SCPRDT                                                                        
 QCAP=                                                                          
  0.00,     0.05,     0.10,     0.15,     0.20,     0.30,     0.40,             
  0.50,     0.60,     0.70,     0.80,     1.00,     1.20,     1.40,             
  1.60,     1.80,     2.00,     2.40,     3.00,     4.00,     5.00,             
  6.00,     7.00,     8.00,     10.00,    15.00,    20.00,    30.00,            
  40.00,    60.00,    100.00,                                                   
 MXRAW=2
 MXSHEL= 2,                                                                    
 ELECNI= 2., 1.                                                            
 NSHELL= 1,  2, 
 CAPIN=  0.0548E-03, 0.001E-03, 
 SCPROF=                                                                        
  3.29E-01,  3.28E-01,  3.27E-01,  3.25E-01,  3.22E-01,  3.15E-01,  3.05E-01,  
  2.93E-01,  2.79E-01,  2.63E-01,  2.47E-01,  2.13E-01,  1.80E-01,  1.49E-01,  
  1.22E-01,  9.90E-02,  7.98E-02,  5.13E-02,  2.66E-02,  9.43E-03,  3.71E-03,  
  1.61E-03,  7.64E-04,  3.89E-04,  1.2E-04,   1.2E-05,   2.4E-06,   2.2E-07,   
  3.9E-08,   3.5E-09,   1.8E-10,   
  1.94E+00,  1.87E+00,  1.69E+00,  1.43E+00,  1.14E+00,  6.12E-01,  2.74E-01,  
  1.08E-01,  4.11E-02,  1.94E-02,  1.41E-02,  1.34E-02,  1.20E-02,  9.58E-03,  
  7.24E-03,  5.36E-03,  3.95E-03,  2.18E-03,  9.62E-04,  2.95E-04,  1.08E-04,  
  4.48E-05,  2.06E-05,  1.03E-05,  3.1E-06,   3.1E-07,   5.9E-08,   5.4E-09,   
  9.6E-10,   8.6E-11,   4.4E-12,   
  2.59E+00,  2.53E+00,  2.34E+00,  2.08E+00,  1.78E+00,  1.24E+00,  8.84E-01,  
  6.93E-01,  5.98E-01,  5.46E-01,  5.08E-01,  4.39E-01,  3.72E-01,  3.08E-01,  
  2.51E-01,  2.03E-01,  1.64E-01,  1.05E-01,  5.41E-02,  1.92E-02,  7.53E-03,  
  3.27E-03,  1.55E-03,  7.88E-04,  2.4E-04,   2.5E-05,   4.8E-06,   4.4E-07,   
  7.9E-08,   7.1E-09,   3.6E-10,   
 &END                                                                           
