 &SCPRDT                                                                        
 QCAP=                                                                          
  0.00,     0.05,     0.10,     0.15,     0.20,     0.30,     0.40,             
  0.50,     0.60,     0.70,     0.80,     1.00,     1.20,     1.40,             
  1.60,     1.80,     2.00,     2.40,     3.00,     4.00,     5.00,             
  6.00,     7.00,     8.00,     10.00,    15.00,    20.00,    30.00,            
  40.00,    60.00,    100.00,                                                   
 MXRAW=2
 MXSHEL= 2,                                                                    
 ELECNI= 2., 2.                                                            
 NSHELL= 1,  2,   
 CAPIN=  0.1117E-03, 0.003E-03,
 SCPROF=                                                                        
  2.37E-01,  2.37E-01,  2.36E-01,  2.36E-01,  2.35E-01,  2.32E-01,  2.28E-01,  
  2.23E-01,  2.18E-01,  2.11E-01,  2.04E-01,  1.88E-01,  1.71E-01,  1.53E-01,  
  1.36E-01,  1.19E-01,  1.04E-01,  7.71E-02,  4.81E-02,  2.15E-02,  9.86E-03,  
  4.77E-03,  2.44E-03,  1.31E-03,  4.4E-04,   5.0E-05,   9.9E-06,   9.4E-07,   
  1.7E-07,   1.5E-08,   7.4E-10,   
  1.34E+00,  1.32E+00,  1.25E+00,  1.15E+00,  1.02E+00,  7.43E-01,  4.86E-01,  
  2.93E-01,  1.65E-01,  8.92E-02,  4.75E-02,  1.64E-02,  1.08E-02,  1.04E-02,  
  1.02E-02,  9.39E-03,  8.23E-03,  5.80E-03,  3.15E-03,  1.15E-03,  4.61E-04,  
  2.04E-04,  9.87E-05,  5.11E-05,  1.6E-05,   1.8E-06,   3.4E-07,   3.2E-08,   
  5.8E-09,   5.2E-10,   2.5E-11,   
  3.16E+00,  3.11E+00,  2.98E+00,  2.77E+00,  2.52E+00,  1.95E+00,  1.43E+00,  
  1.03E+00,  7.66E-01,  6.00E-01,  5.03E-01,  4.09E-01,  3.63E-01,  3.27E-01,  
  2.92E-01,  2.57E-01,  2.24E-01,  1.66E-01,  1.02E-01,  4.52E-02,  2.06E-02,  
  9.94E-03,  5.07E-03,  2.73E-03,  9.1E-04,   1.0E-04,   2.1E-05,   1.9E-06,   
  3.6E-07,   3.2E-08,   1.5E-09,   
 &END                                                                           
